0.000	0.000	0.000
0.035	0.000	0.000
0.070	0.000	0.000
0.105	0.000	0.000
0.140	0.000	0.000
0.175	0.000	0.000
0.210	0.000	0.000
0.245	0.000	0.000
0.280	0.000	0.000
0.315	0.000	0.000
0.350	0.000	0.000
0.385	0.000	0.000
0.420	0.000	0.000
0.456	0.000	0.000
0.491	0.000	0.000
0.526	0.000	0.000
0.561	0.000	0.000
0.596	0.000	0.000
0.632	0.000	0.000
0.667	0.000	0.000
0.702	0.000	0.000
0.737	0.000	0.000
0.772	0.000	0.000
0.807	0.000	0.000
0.842	0.000	0.000
0.877	0.000	0.000
0.912	0.000	0.000
0.947	0.000	0.000
0.982	0.000	0.000
1.017	0.000	0.000
1.052	0.000	0.000
1.088	0.000	0.000
1.124	0.000	0.000
1.159	0.000	0.000
1.195	0.000	0.000
1.230	0.000	0.000
1.265	0.000	0.000
1.301	0.000	0.000
1.336	0.000	0.000
1.371	0.000	0.000
1.406	0.000	0.000
1.442	0.000	0.000
1.479	0.000	0.000
1.514	0.000	0.000
1.550	0.000	0.000
1.585	0.000	0.000
1.623	0.000	0.000
1.658	0.000	0.000
3.261	0.000	0.000
3.296	0.000	0.000
3.332	0.000	0.000
3.367	0.000	0.000
3.402	0.000	0.000
3.438	0.000	0.000
3.473	0.000	0.000
3.508	0.000	0.000
3.543	0.000	0.000
3.578	0.000	0.000
3.613	0.000	0.000
3.648	0.000	0.000
3.683	0.000	0.000
3.719	0.000	0.000
3.754	0.000	0.000
3.789	0.000	0.000
3.824	0.000	0.000
3.859	0.000	0.000
3.894	0.000	0.000
3.929	0.000	0.000
3.964	0.000	0.000
3.999	0.000	0.000
4.034	0.000	0.000
4.069	0.000	0.000
4.106	0.000	0.000
4.141	0.000	0.000
4.177	0.000	0.000
4.212	0.000	0.000
4.247	0.000	0.000
4.282	0.000	0.000
4.317	0.000	0.000
4.353	0.000	0.000
4.388	0.000	0.000
4.423	0.000	0.000
4.459	0.000	0.000
4.494	0.000	0.000
4.529	0.000	0.000
4.564	0.000	0.000
4.601	0.000	0.000
4.636	0.000	0.000
4.671	0.000	0.000
4.706	0.000	0.000
4.741	0.000	0.000
4.776	0.000	0.000
4.811	0.000	0.000
4.847	0.000	0.000
4.882	0.000	0.000
4.917	0.000	0.000
4.952	0.000	0.000
4.987	0.000	0.000
5.022	0.000	0.000
5.058	0.000	0.000
5.093	0.000	0.000
5.128	0.000	0.000
5.163	0.000	0.000
5.198	0.000	0.000
5.233	0.000	0.000
5.270	0.000	0.000
5.305	0.000	0.000
5.340	0.000	0.000
5.375	0.000	0.000
5.410	0.000	0.000
5.445	0.000	0.000
5.480	0.000	0.000
5.515	0.000	0.000
5.551	0.000	0.000
5.587	1.000	0.000
5.622	1.000	0.000
5.657	1.000	0.043
5.692	1.000	0.124
5.727	1.000	0.213
5.763	1.000	0.296
5.798	1.000	0.376
5.833	1.000	0.442
5.868	1.000	0.502
5.903	1.000	0.558
5.939	1.000	0.602
5.974	1.000	0.643
6.009	1.000	0.681
6.045	1.000	0.718
6.080	1.000	0.743
6.115	1.000	0.772
6.150	1.000	0.795
6.186	1.000	0.813
6.221	1.000	0.831
6.256	1.000	0.847
6.291	1.000	0.863
6.327	1.000	0.876
6.362	1.000	0.888
6.398	1.000	0.900
6.434	1.000	0.911
6.469	1.000	0.916
6.504	1.000	0.924
6.539	1.000	0.933
6.574	1.000	0.940
6.609	1.000	0.947
6.644	1.000	0.948
6.680	1.000	0.954
6.715	1.000	0.960
6.750	1.000	0.960
6.785	1.000	0.966
6.820	1.000	0.969
6.855	1.000	0.974
6.891	1.000	0.975
6.927	1.000	0.975
6.962	1.000	0.980
6.997	1.000	0.979
7.032	1.000	0.981
7.068	1.000	0.987
7.103	1.000	0.985
7.139	1.000	0.990
7.174	1.000	0.986
7.209	1.000	0.988
7.244	1.000	0.990
7.279	1.000	0.992
7.314	1.000	0.994
7.349	1.000	0.992
7.384	1.000	0.994
7.419	1.000	0.995
7.454	1.000	0.996
7.489	1.000	0.995
7.524	1.000	0.994
7.560	1.000	0.994
7.595	1.000	0.994
7.630	1.000	0.996
7.665	1.000	0.996
7.701	1.000	1.000
7.737	1.000	0.996
7.772	1.000	0.997
7.807	1.000	0.999
7.842	1.000	0.997
7.879	1.000	0.997
7.914	1.000	0.997
7.949	1.000	0.998
7.984	1.000	1.000
8.019	1.000	0.999
8.055	1.000	1.001
8.091	1.000	1.001
8.126	1.000	0.998
8.161	1.000	0.998
8.196	1.000	1.000
8.231	1.000	1.002
8.266	1.000	0.997
8.302	1.000	1.000
8.337	1.000	1.001
8.372	1.000	0.997
8.407	1.000	0.998
8.442	1.000	0.998
8.477	1.000	1.001
8.512	1.000	0.998
8.547	1.000	0.999
8.583	1.000	0.998
8.618	1.000	1.000
8.653	1.000	1.000
8.688	1.000	1.000
8.723	1.000	0.999
8.758	1.000	0.999
8.793	1.000	0.999
8.828	1.000	1.002
8.863	1.000	1.002
8.898	1.000	1.002
8.934	1.000	1.001
8.969	1.000	0.997
9.004	1.000	1.000
9.039	1.000	0.998
9.074	1.000	0.988
9.109	1.000	0.965
9.144	1.000	0.940
9.179	1.000	0.925
9.214	1.000	0.908
9.249	1.000	0.901
9.284	1.000	0.893
9.319	1.000	0.889
9.356	1.000	0.889
9.391	1.000	0.891
9.426	1.000	0.895
9.461	1.000	0.898
9.496	1.000	0.904
9.531	1.000	0.910
9.567	1.000	0.915
9.602	1.000	0.921
9.638	1.000	0.924
9.673	1.000	0.930
9.708	1.000	0.935
9.743	1.000	0.942
9.778	1.000	0.944
9.813	1.000	0.949
9.848	1.000	0.951
9.883	1.000	0.956
9.918	1.000	0.959
9.954	1.000	0.962
9.989	1.000	0.966
10.024	1.000	0.969
10.059	1.000	0.970
10.094	1.000	0.971
10.129	1.000	0.974
10.164	1.000	0.976
10.199	1.000	0.981
10.234	1.000	0.981
10.269	1.000	0.984
10.304	1.000	0.985
10.339	1.000	0.988
10.374	1.000	0.986
10.410	1.000	0.989
10.445	1.000	0.988
10.480	1.000	0.992
10.515	1.000	0.993
10.550	1.000	0.990
10.585	1.000	0.992
10.620	1.000	0.991
10.655	1.000	0.993
10.690	1.000	0.994
10.725	1.000	0.996
10.760	1.000	0.998
10.795	1.000	0.995
10.830	1.000	0.996
10.865	1.000	0.995
10.901	1.000	0.997
10.937	1.000	0.995
10.972	1.000	0.996
11.009	1.000	0.997
11.044	1.000	0.998
11.079	1.000	1.002
11.114	1.000	1.001
11.149	1.000	0.999
11.184	1.000	0.998
11.220	1.000	1.000
11.255	1.000	1.001
11.292	1.000	0.997
11.327	1.000	0.997
11.362	1.000	0.998
11.397	1.000	1.002
11.432	1.000	0.999
11.469	1.000	1.000
11.504	1.000	0.998
11.539	1.000	1.003
11.575	1.000	0.999
11.610	1.000	1.000
11.645	1.000	0.999
11.680	1.000	1.002
11.715	1.000	1.002
11.750	1.000	1.001
11.785	1.000	1.000
11.820	1.000	1.000
11.855	1.000	0.999
11.890	1.000	1.002
11.925	1.000	1.000
11.961	1.000	1.001
11.996	1.000	0.998
12.031	1.000	0.999
12.066	1.000	0.999
12.101	1.000	1.001
12.136	1.000	0.999
12.172	1.000	0.999
12.207	1.000	1.002
12.242	1.000	0.998
12.278	1.000	0.998
12.313	1.000	0.999
12.348	1.000	1.000
12.384	1.000	0.998
12.419	1.000	0.999
12.454	1.000	0.999
12.489	1.000	1.000
12.524	1.000	0.999
12.559	1.000	1.002
12.594	1.000	0.999
12.630	1.000	0.998
12.665	1.000	0.997
12.700	1.000	1.001
12.735	1.000	0.998
12.770	1.000	0.999
12.805	1.000	1.001
12.840	1.000	1.001
12.875	1.000	0.997
12.910	1.000	1.000
12.945	1.000	1.000
12.980	1.000	1.001
13.015	1.000	0.997
13.050	1.000	1.001
13.086	1.000	1.000
13.121	1.000	0.997
13.156	1.000	0.998
13.191	1.000	1.000
13.226	1.000	0.998
13.261	1.000	1.000
13.296	1.000	1.001
13.331	1.000	1.000
13.367	1.000	0.999
13.402	1.000	0.998
13.438	1.000	1.000
13.474	1.000	1.002
13.510	1.000	1.002
13.545	1.000	0.999
13.580	1.000	0.999
13.615	1.000	0.998
