0.000	0.000	0.000
0.035	0.000	0.000
0.070	0.000	0.000
0.105	0.000	0.000
0.140	0.000	0.000
0.175	0.000	0.000
0.210	0.000	0.000
0.246	0.000	0.000
0.282	0.000	0.000
0.317	0.000	0.000
0.352	0.000	0.000
0.387	0.000	0.000
0.422	0.000	0.000
0.457	0.000	0.000
0.492	0.000	0.000
0.527	0.000	0.000
0.562	0.000	0.000
0.597	0.000	0.000
0.632	0.000	0.000
0.667	0.000	0.000
0.702	0.000	0.000
0.737	0.000	0.000
0.773	0.000	0.000
0.808	0.000	0.000
0.843	0.000	0.000
0.878	0.000	0.000
0.914	0.000	0.000
0.950	0.000	0.000
0.985	0.000	0.000
1.020	0.000	0.000
1.055	0.000	0.000
1.090	0.000	0.000
1.125	0.000	0.000
1.160	0.000	0.000
1.196	0.000	0.000
1.231	0.000	0.000
1.266	0.000	0.000
1.301	0.000	0.000
1.336	0.000	0.000
1.372	0.000	0.000
1.407	0.000	0.000
7.011	0.000	0.000
7.046	0.000	0.000
7.081	0.000	0.000
7.117	0.000	0.000
7.152	0.000	0.000
7.187	0.000	0.000
7.222	0.000	0.000
7.257	0.000	0.000
7.292	0.000	0.000
7.327	0.000	0.000
7.363	0.000	0.000
7.398	0.000	0.000
7.433	0.000	0.000
7.468	0.000	0.000
7.503	0.000	0.000
7.538	0.000	0.000
7.574	0.000	0.000
7.609	0.000	0.000
7.644	0.000	0.000
7.679	0.000	0.000
7.714	0.000	0.000
7.750	0.000	0.000
7.785	0.000	0.000
7.820	0.000	0.000
7.855	0.000	0.000
7.890	0.000	0.000
7.925	0.000	0.000
7.960	0.000	0.000
7.995	0.000	0.000
8.030	0.000	0.000
8.065	0.000	0.000
8.100	0.000	0.000
8.136	0.000	0.000
8.171	0.000	0.000
8.206	0.000	0.000
8.242	0.000	0.000
8.277	0.000	0.000
8.312	0.000	0.000
8.347	0.000	0.000
8.382	0.000	0.000
8.417	0.000	0.000
8.452	0.000	0.000
8.487	0.000	0.000
8.523	0.000	0.000
8.558	0.000	0.000
8.593	0.000	0.000
8.628	0.000	0.000
8.663	0.000	0.000
8.698	0.000	0.000
8.733	0.000	0.000
8.768	0.000	0.000
8.803	0.000	0.000
8.838	0.000	0.000
8.873	0.000	0.000
8.908	0.000	0.000
8.943	0.000	0.000
8.978	0.000	0.000
9.013	0.000	0.000
9.048	0.000	0.000
9.083	0.000	0.000
9.118	0.000	0.000
9.154	0.000	0.000
9.189	0.000	0.000
9.224	0.000	0.000
9.259	0.000	0.000
9.294	0.000	0.000
9.330	0.000	0.000
9.365	0.000	0.000
9.400	0.000	0.000
9.436	0.000	0.000
9.471	0.000	0.000
9.506	0.000	0.000
9.541	0.000	0.000
9.576	0.000	0.000
9.611	0.000	0.000
9.646	0.000	0.000
9.681	0.000	0.000
9.716	0.000	0.000
9.751	0.000	0.000
9.786	0.000	0.000
9.821	0.000	0.000
9.856	0.000	0.000
9.891	0.000	0.000
9.927	0.000	0.000
9.962	0.000	0.000
9.997	0.000	0.000
10.032	0.000	0.000
10.067	0.000	0.000
10.102	0.000	0.000
10.137	0.000	0.000
10.172	0.000	0.000
10.208	0.000	0.000
10.243	0.000	0.000
10.278	1.000	0.000
10.313	1.000	0.000
10.348	1.000	0.041
10.383	1.000	0.125
10.418	1.000	0.214
10.453	1.000	0.295
10.488	1.000	0.373
10.523	1.000	0.443
10.559	1.000	0.503
10.594	1.000	0.555
10.629	1.000	0.603
10.664	1.000	0.644
10.700	1.000	0.679
10.735	1.000	0.713
10.770	1.000	0.743
10.805	1.000	0.769
10.840	1.000	0.793
10.875	1.000	0.813
10.910	1.000	0.832
10.946	1.000	0.849
10.981	1.000	0.862
11.016	1.000	0.878
11.051	1.000	0.888
11.086	1.000	0.900
11.122	1.000	0.908
11.158	1.000	0.916
11.193	1.000	0.927
11.229	1.000	0.933
11.264	1.000	0.937
11.299	1.000	0.945
11.334	1.000	0.951
11.369	1.000	0.957
11.404	1.000	0.961
11.439	1.000	0.965
11.474	1.000	0.965
11.509	1.000	0.968
11.544	1.000	0.970
11.579	1.000	0.974
11.614	1.000	0.977
11.649	1.000	0.979
11.684	1.000	0.982
11.720	1.000	0.984
11.755	1.000	0.985
11.790	1.000	0.985
11.826	1.000	0.987
11.861	1.000	0.989
11.897	1.000	0.991
11.932	1.000	0.991
11.967	1.000	0.993
12.002	1.000	0.991
12.037	1.000	0.992
12.072	1.000	0.992
12.108	1.000	0.995
12.143	1.000	0.997
12.178	1.000	0.995
12.214	1.000	0.994
12.249	1.000	0.994
12.284	1.000	0.995
12.319	1.000	0.996
12.355	1.000	0.996
12.390	1.000	0.999
12.425	1.000	0.997
12.460	1.000	0.997
12.495	1.000	0.998
12.530	1.000	0.998
12.565	1.000	1.000
12.600	1.000	0.998
12.635	1.000	0.999
12.670	1.000	1.000
12.706	1.000	1.001
12.741	1.000	0.998
12.776	1.000	0.999
12.811	1.000	0.999
12.846	1.000	0.998
12.881	1.000	0.998
12.916	1.000	0.999
12.951	1.000	0.997
12.986	1.000	0.998
13.021	1.000	0.999
13.056	1.000	0.999
13.091	1.000	1.003
13.127	1.000	0.999
13.162	1.000	0.999
13.197	1.000	1.002
13.232	1.000	1.001
13.267	1.000	0.999
13.302	1.000	0.998
13.337	1.000	1.000
13.372	1.000	1.000
13.407	1.000	1.002
13.442	1.000	1.000
13.477	1.000	1.000
13.513	1.000	1.000
13.548	1.000	1.001
13.583	1.000	1.002
13.618	1.000	1.001
13.653	1.000	0.999
13.688	1.000	1.000
13.724	1.000	0.999
13.759	1.000	0.998
13.794	1.000	0.999
13.830	1.000	1.001
13.865	1.000	0.999
13.900	1.000	1.000
13.935	1.000	1.002
13.970	1.000	1.000
14.005	1.000	1.000
14.041	1.000	1.002
14.076	1.000	0.999
14.111	1.000	1.000
14.146	1.000	1.001
14.182	1.000	0.999
14.217	1.000	1.000
14.252	1.000	1.001
14.287	1.000	1.001
14.322	1.000	1.001
14.357	1.000	0.998
14.392	1.000	1.002
14.427	1.000	0.998
14.462	1.000	1.000
14.497	1.000	0.992
14.532	1.000	0.981
14.567	1.000	0.971
14.602	1.000	0.960
14.637	1.000	0.954
14.672	1.000	0.948
14.708	1.000	0.947
14.743	1.000	0.945
14.778	1.000	0.946
14.813	1.000	0.945
14.848	1.000	0.946
14.883	1.000	0.950
14.918	1.000	0.951
14.953	1.000	0.952
14.990	1.000	0.957
15.025	1.000	0.957
15.060	1.000	0.961
15.095	1.000	0.965
15.130	1.000	0.966
15.166	1.000	0.970
15.201	1.000	0.972
15.236	1.000	0.976
15.271	1.000	0.976
15.306	1.000	0.979
15.342	1.000	0.979
15.377	1.000	0.980
15.412	1.000	0.982
15.447	1.000	0.986
15.482	1.000	0.985
15.517	1.000	0.987
15.552	1.000	0.987
15.587	1.000	0.988
15.622	1.000	0.989
15.658	1.000	0.992
15.693	1.000	0.993
15.728	1.000	0.992
15.763	1.000	0.993
15.798	1.000	0.995
15.833	1.000	0.994
15.868	1.000	0.996
15.903	1.000	0.994
15.939	1.000	0.995
15.975	1.000	0.997
16.011	1.000	0.997
16.047	1.000	0.996
16.082	1.000	0.997
16.117	1.000	1.000
16.152	1.000	0.999
16.187	1.000	0.999
16.222	1.000	0.997
16.257	1.000	1.000
16.292	1.000	0.998
16.328	1.000	0.998
16.363	1.000	0.998
16.398	1.000	1.000
16.434	1.000	1.002
16.469	1.000	0.998
16.504	1.000	0.998
16.540	1.000	0.999
16.575	1.000	1.002
16.610	1.000	0.999
16.645	1.000	1.000
16.680	1.000	0.998
16.716	1.000	1.000
16.751	1.000	0.999
16.786	1.000	0.999
16.822	1.000	0.999
16.857	1.000	0.998
16.893	1.000	0.999
16.929	1.000	0.999
16.964	1.000	1.001
16.999	1.000	1.002
17.035	1.000	1.001
17.070	1.000	1.001
17.105	1.000	0.999
17.140	1.000	0.999
17.176	1.000	1.002
17.211	1.000	1.001
17.246	1.000	0.999
17.282	1.000	1.000
17.317	1.000	1.001
17.352	1.000	0.999
17.387	1.000	0.998
17.422	1.000	1.000
17.457	1.000	0.997
17.492	1.000	0.998
17.527	1.000	0.999
17.562	1.000	1.000
17.597	1.000	0.997
17.632	1.000	0.998
17.667	1.000	0.998
17.702	1.000	1.001
17.737	1.000	1.001
17.772	1.000	0.999
17.807	1.000	1.001
17.842	1.000	0.999
17.877	1.000	1.000
17.912	1.000	1.000
17.947	1.000	1.002
17.983	1.000	1.000
18.018	1.000	0.999
18.053	1.000	1.001
18.088	1.000	1.003
18.123	1.000	1.003
18.158	1.000	1.002
18.193	1.000	1.002
18.228	1.000	1.000
18.263	1.000	0.997
18.298	1.000	0.997
18.333	1.000	0.997
18.368	1.000	1.000
18.403	1.000	1.001
18.438	1.000	1.002
18.473	1.000	1.000
18.508	1.000	1.000
18.543	1.000	0.999
18.578	1.000	1.000
18.613	1.000	1.001
18.648	1.000	1.000
18.683	1.000	1.001
18.718	1.000	0.999
18.753	1.000	1.001
18.788	1.000	1.000
18.823	1.000	0.999
18.858	1.000	0.999
18.893	1.000	1.000
18.928	1.000	1.002
18.963	1.000	0.999
18.998	1.000	0.999
19.034	1.000	1.001
19.069	1.000	1.002
19.104	1.000	1.001
19.139	1.000	1.002
19.174	1.000	0.998
19.211	1.000	1.000
19.246	1.000	0.998
19.281	1.000	1.000
19.317	1.000	1.002
19.352	1.000	0.998
