0.000	0.000	0.000
0.035	0.000	0.000
0.071	0.000	0.000
0.107	0.000	0.000
0.143	0.000	0.000
0.178	0.000	0.000
0.213	0.000	0.000
0.249	0.000	0.000
0.284	0.000	0.000
0.319	0.000	0.000
0.354	0.000	0.000
0.390	0.000	0.000
0.425	0.000	0.000
0.460	0.000	0.000
0.495	0.000	0.000
0.530	0.000	0.000
0.565	0.000	0.000
0.600	0.000	0.000
0.635	0.000	0.000
0.670	0.000	0.000
0.705	0.000	0.000
0.740	0.000	0.000
0.775	0.000	0.000
0.810	0.000	0.000
0.845	0.000	0.000
0.880	0.000	0.000
0.916	0.000	0.000
0.951	0.000	0.000
0.986	0.000	0.000
1.021	0.000	0.000
1.056	0.000	0.000
1.091	0.000	0.000
1.126	0.000	0.000
1.162	0.000	0.000
1.197	0.000	0.000
1.233	0.000	0.000
1.269	0.000	0.000
1.304	0.000	0.000
1.339	0.000	0.000
1.374	0.000	0.000
1.410	0.000	0.000
1.445	0.000	0.000
1.480	0.000	0.000
1.515	0.000	0.000
1.551	0.000	0.000
1.586	0.000	0.000
1.622	0.000	0.000
1.657	0.000	0.000
1.692	0.000	0.000
1.727	0.000	0.000
1.762	0.000	0.000
1.797	0.000	0.000
1.833	0.000	0.000
1.868	0.000	0.000
1.903	0.000	0.000
1.938	0.000	0.000
1.974	0.000	0.000
2.009	0.000	0.000
2.044	0.000	0.000
2.079	0.000	0.000
3.288	0.000	0.000
3.323	0.000	0.000
3.358	0.000	0.000
3.393	0.000	0.000
3.429	0.000	0.000
3.464	0.000	0.000
3.499	0.000	0.000
3.535	0.000	0.000
3.570	0.000	0.000
3.606	0.000	0.000
3.641	0.000	0.000
3.676	0.000	0.000
3.711	0.000	0.000
3.746	0.000	0.000
3.781	0.000	0.000
3.816	0.000	0.000
3.852	0.000	0.000
3.887	0.000	0.000
3.923	0.000	0.000
3.958	0.000	0.000
3.994	0.000	0.000
4.029	0.000	0.000
4.065	0.000	0.000
4.100	0.000	0.000
4.135	0.000	0.000
4.170	0.000	0.000
4.205	0.000	0.000
4.240	0.000	0.000
4.275	0.000	0.000
4.310	0.000	0.000
4.345	0.000	0.000
4.380	0.000	0.000
4.415	0.000	0.000
4.450	0.000	0.000
4.485	0.000	0.000
4.520	0.000	0.000
4.555	0.000	0.000
4.590	0.000	0.000
4.625	0.000	0.000
4.660	0.000	0.000
4.695	0.000	0.000
4.730	0.000	0.000
4.765	0.000	0.000
4.801	0.000	0.000
4.836	0.000	0.000
4.871	0.000	0.000
4.906	0.000	0.000
4.941	0.000	0.000
4.976	0.000	0.000
5.011	0.000	0.000
5.046	0.000	0.000
5.081	0.000	0.000
5.116	0.000	0.000
5.151	0.000	0.000
5.186	0.000	0.000
5.221	0.000	0.000
5.256	0.000	0.000
5.291	0.000	0.000
5.326	0.000	0.000
5.361	0.000	0.000
5.396	0.000	0.000
5.431	0.000	0.000
5.466	0.000	0.000
5.501	0.000	0.000
5.537	0.000	0.000
5.572	0.000	0.000
5.607	0.000	0.000
5.642	-1.000	0.000
5.677	-1.000	0.000
5.712	-1.000	-0.038
5.747	-1.000	-0.136
5.782	-1.000	-0.234
5.817	-1.000	-0.328
5.852	-1.000	-0.410
5.887	-1.000	-0.483
5.922	-1.000	-0.545
5.957	-1.000	-0.599
5.992	-1.000	-0.646
6.028	-1.000	-0.685
6.064	-1.000	-0.720
6.099	-1.000	-0.752
6.134	-1.000	-0.779
6.169	-1.000	-0.802
6.204	-1.000	-0.820
6.239	-1.000	-0.838
6.274	-1.000	-0.853
6.309	-1.000	-0.863
6.344	-1.000	-0.875
6.379	-1.000	-0.887
6.414	-1.000	-0.897
6.449	-1.000	-0.905
6.484	-1.000	-0.913
6.519	-1.000	-0.917
6.554	-1.000	-0.923
6.590	-1.000	-0.928
6.626	-1.000	-0.932
6.661	-1.000	-0.933
6.696	-1.000	-0.937
6.731	-1.000	-0.940
6.766	-1.000	-0.942
6.801	-1.000	-0.946
6.836	-1.000	-0.950
6.872	-1.000	-0.953
6.907	-1.000	-0.955
6.942	-1.000	-0.957
6.977	-1.000	-0.958
7.012	-1.000	-0.960
7.047	-1.000	-0.962
7.082	-1.000	-0.964
7.117	-1.000	-0.964
7.152	-1.000	-0.965
7.187	-1.000	-0.965
7.222	-1.000	-0.965
7.258	-1.000	-0.966
7.293	-1.000	-0.968
7.328	-1.000	-0.968
7.364	-1.000	-0.968
7.399	-1.000	-0.970
7.434	-1.000	-0.971
7.469	-1.000	-0.970
7.504	-1.000	-0.972
7.539	-1.000	-0.970
7.574	-1.000	-0.971
7.609	-1.000	-0.970
7.644	-1.000	-0.970
7.679	-1.000	-0.971
7.714	-1.000	-0.972
7.749	-1.000	-0.971
7.784	-1.000	-0.971
7.819	-1.000	-0.970
7.854	-1.000	-0.971
7.889	-1.000	-0.970
7.925	-1.000	-0.969
7.960	-1.000	-0.968
7.995	-1.000	-0.972
8.030	-1.000	-0.971
8.065	-1.000	-0.971
8.100	-1.000	-0.970
8.136	-1.000	-0.971
8.171	-1.000	-0.967
8.206	-1.000	-0.970
8.241	-1.000	-0.969
8.277	-1.000	-0.969
8.312	-1.000	-0.971
8.347	-1.000	-0.971
8.382	-1.000	-0.970
8.419	-1.000	-0.971
8.454	-1.000	-0.969
8.489	-1.000	-0.971
8.524	-1.000	-0.973
8.559	-1.000	-0.971
8.595	-1.000	-0.973
8.630	-1.000	-0.969
8.665	-1.000	-0.972
8.700	-1.000	-0.969
8.735	-1.000	-0.969
8.770	-1.000	-0.972
8.805	-1.000	-0.969
8.840	-1.000	-0.972
8.875	-1.000	-0.973
8.910	-1.000	-0.970
8.945	-1.000	-0.971
8.980	-1.000	-0.972
9.015	-1.000	-0.971
9.050	-1.000	-0.972
9.085	-1.000	-0.970
9.120	-1.000	-0.972
9.155	-1.000	-0.971
9.190	-1.000	-0.972
9.225	-1.000	-0.969
9.261	-1.000	-0.970
9.297	-1.000	-0.972
9.332	-1.000	-0.971
9.367	-1.000	-0.970
9.402	-1.000	-0.968
9.437	-1.000	-0.972
9.473	-1.000	-0.972
9.508	-1.000	-0.968
9.543	-1.000	-0.969
9.578	-1.000	-0.970
9.613	-1.000	-0.971
9.648	-1.000	-0.971
9.683	-1.000	-0.970
9.718	-1.000	-0.969
9.753	-1.000	-0.969
9.788	-1.000	-0.970
9.823	-1.000	-0.971
9.858	-1.000	-0.971
9.893	-1.000	-0.972
9.928	-1.000	-0.981
9.964	-1.000	-1.006
9.999	-1.000	-1.025
10.034	-1.000	-1.045
10.069	-1.000	-1.057
10.104	-1.000	-1.068
10.139	-1.000	-1.071
10.174	-1.000	-1.075
10.209	-1.000	-1.074
10.244	-1.000	-1.074
10.280	-1.000	-1.069
10.315	-1.000	-1.066
10.350	-1.000	-1.066
10.385	-1.000	-1.059
10.420	-1.000	-1.054
10.455	-1.000	-1.050
10.490	-1.000	-1.043
10.525	-1.000	-1.037
10.560	-1.000	-1.034
10.596	-1.000	-1.030
10.633	-1.000	-1.026
10.668	-1.000	-1.019
10.703	-1.000	-1.017
10.739	-1.000	-1.013
10.774	-1.000	-1.009
10.810	-1.000	-1.007
10.845	-1.000	-1.005
10.880	-1.000	-1.001
10.915	-1.000	-0.999
10.950	-1.000	-0.999
10.986	-1.000	-0.996
11.021	-1.000	-0.995
11.056	-1.000	-0.993
11.091	-1.000	-0.992
11.126	-1.000	-0.990
11.161	-1.000	-0.988
11.196	-1.000	-0.987
11.232	-1.000	-0.988
11.267	-1.000	-0.986
11.302	-1.000	-0.984
11.337	-1.000	-0.984
11.372	-1.000	-0.983
11.408	-1.000	-0.981
11.443	-1.000	-0.980
11.478	-1.000	-0.982
11.513	-1.000	-0.980
11.548	-1.000	-0.980
11.583	-1.000	-0.981
11.618	-1.000	-0.982
11.653	-1.000	-0.980
11.688	-1.000	-0.977
11.723	-1.000	-0.981
11.758	-1.000	-0.977
11.793	-1.000	-0.979
11.828	-1.000	-0.980
11.864	-1.000	-0.977
11.900	-1.000	-0.978
11.935	-1.000	-0.976
11.970	-1.000	-0.977
12.005	-1.000	-0.976
12.040	-1.000	-0.979
12.075	-1.000	-0.979
12.110	-1.000	-0.978
12.145	-1.000	-0.977
12.180	-1.000	-0.976
12.216	-1.000	-0.977
12.251	-1.000	-0.978
12.286	-1.000	-0.976
12.321	-1.000	-0.976
12.356	-1.000	-0.978
12.391	-1.000	-0.978
12.426	-1.000	-0.977
12.461	-1.000	-0.978
12.497	-1.000	-0.975
12.532	-1.000	-0.977
12.567	-1.000	-0.977
12.602	-1.000	-0.977
12.637	-1.000	-0.978
12.672	-1.000	-0.979
12.707	-1.000	-0.979
12.743	-1.000	-0.979
12.779	-1.000	-0.979
12.814	-1.000	-0.975
12.849	-1.000	-0.978
12.884	-1.000	-0.977
12.919	-1.000	-0.977
12.954	-1.000	-0.979
12.990	-1.000	-0.978
13.025	-1.000	-0.975
13.061	-1.000	-0.977
13.096	-1.000	-0.978
13.131	-1.000	-0.975
13.166	-1.000	-0.976
13.203	-1.000	-0.976
13.238	-1.000	-0.975
13.273	-1.000	-0.977
13.308	-1.000	-0.977
13.343	-1.000	-0.977
13.378	-1.000	-0.978
13.413	-1.000	-0.977
13.449	-1.000	-0.975
13.485	-1.000	-0.976
13.520	-1.000	-0.973
13.555	-1.000	-0.976
13.590	-1.000	-0.976
13.625	-1.000	-0.976
13.660	-1.000	-0.976
13.695	-1.000	-0.977
13.731	-1.000	-0.978
13.766	-1.000	-0.979
13.802	-1.000	-0.976
13.837	-1.000	-0.976
13.872	-1.000	-0.977
13.908	-1.000	-0.976
13.944	-1.000	-0.977
13.979	-1.000	-0.976
14.014	-1.000	-0.978
14.049	-1.000	-0.975
14.084	-1.000	-0.976
14.119	-1.000	-0.976
14.154	-1.000	-0.978
14.189	-1.000	-0.977
14.224	-1.000	-0.978
14.259	-1.000	-0.978
14.294	-1.000	-0.976
14.329	-1.000	-0.978
14.364	-1.000	-0.976
14.400	-1.000	-0.977
14.435	-1.000	-0.976
14.470	-1.000	-0.977
14.505	-1.000	-0.976
14.540	-1.000	-0.978
14.575	-1.000	-0.978
14.610	-1.000	-0.979
14.645	-1.000	-0.978
14.680	-1.000	-0.978
14.715	-1.000	-0.977
14.750	-1.000	-0.974
14.786	-1.000	-0.977
14.822	-1.000	-0.975
14.857	-1.000	-0.979
14.892	-1.000	-0.978
14.927	-1.000	-0.976
14.962	-1.000	-0.975
14.997	-1.000	-0.974
15.032	-1.000	-0.975
15.067	-1.000	-0.976
15.103	-1.000	-0.977
15.138	-1.000	-0.979
15.174	-1.000	-0.975
15.210	-1.000	-0.976
15.245	-1.000	-0.979
15.280	-1.000	-0.979
15.315	-1.000	-0.979
15.351	-1.000	-0.976
15.386	-1.000	-0.976
15.421	-1.000	-0.973
15.456	-1.000	-0.974
15.492	-1.000	-0.974
15.527	-1.000	-0.975
15.562	-1.000	-0.974
15.597	-1.000	-0.975
15.633	-1.000	-0.977
15.669	-1.000	-0.976
15.704	-1.000	-0.977
15.740	-1.000	-0.977
15.775	-1.000	-0.977
15.810	-1.000	-0.977
15.846	-1.000	-0.977
15.881	-1.000	-0.979
15.916	-1.000	-0.978
15.952	-1.000	-0.979
15.987	-1.000	-0.981
16.022	-1.000	-0.980
16.057	-1.000	-0.978
16.092	-1.000	-0.979
16.127	-1.000	-0.976
16.162	-1.000	-0.977
16.197	-1.000	-0.980
16.232	-1.000	-0.977
16.267	-1.000	-0.978
16.302	-1.000	-0.979
16.338	-1.000	-0.978
16.374	-1.000	-0.978
16.409	-1.000	-0.977
16.444	-1.000	-0.978
16.480	-1.000	-0.978
16.516	-1.000	-0.978
16.551	-1.000	-0.978
16.586	-1.000	-0.977
16.621	-1.000	-0.978
16.656	-1.000	-0.977
16.691	-1.000	-0.977
16.726	-1.000	-0.978
16.761	-1.000	-0.978
16.796	-1.000	-0.978
16.831	-1.000	-0.979
16.866	-1.000	-0.979
16.901	-1.000	-0.977
16.937	-1.000	-0.974
16.972	-1.000	-0.978
17.007	-1.000	-0.976
17.042	-1.000	-0.978
17.079	-1.000	-0.976
17.114	-1.000	-0.974
17.149	-1.000	-0.975
17.185	-1.000	-0.975
17.220	-1.000	-0.976
17.255	-1.000	-0.977
17.290	-1.000	-0.978
17.326	-1.000	-0.979
17.361	-1.000	-0.979
17.396	-1.000	-0.977
17.432	-1.000	-0.975
17.467	-1.000	-0.978
17.502	-1.000	-0.976
17.537	-1.000	-0.978
17.572	-1.000	-0.977
17.607	-1.000	-0.978
17.642	-1.000	-0.979
17.678	-1.000	-0.978
17.714	-1.000	-0.977
17.749	-1.000	-0.975
17.784	-1.000	-0.975
17.819	-1.000	-0.976
17.854	-1.000	-0.977
17.890	-1.000	-0.978
17.925	-1.000	-0.975
17.960	-1.000	-0.978
17.996	-1.000	-0.980
18.031	-1.000	-0.976
