0.000	0.000	0.000
0.078	0.000	0.000
0.113	0.000	0.000
0.148	0.000	0.000
0.184	0.000	0.000
0.219	0.000	0.000
0.254	0.000	0.000
0.289	0.000	0.000
0.324	0.000	0.000
0.360	0.000	0.000
0.395	0.000	0.000
0.430	0.000	0.000
0.465	0.000	0.000
0.500	0.000	0.000
0.535	0.000	0.000
0.570	0.000	0.000
0.606	0.000	0.000
0.642	0.000	0.000
0.677	0.000	0.000
0.712	0.000	0.000
0.747	0.000	0.000
0.782	0.000	0.000
0.817	0.000	0.000
0.852	0.000	0.000
0.887	0.000	0.000
0.922	0.000	0.000
0.957	0.000	0.000
0.992	0.000	0.000
1.027	0.000	0.000
1.062	0.000	0.000
1.097	0.000	0.000
1.132	0.000	0.000
1.167	0.000	0.000
1.203	0.000	0.000
1.239	0.000	0.000
1.274	0.000	0.000
1.309	0.000	0.000
1.344	0.000	0.000
1.380	0.000	0.000
1.415	0.000	0.000
1.451	0.000	0.000
1.487	0.000	0.000
1.523	0.000	0.000
1.558	0.000	0.000
1.593	0.000	0.000
1.629	0.000	0.000
1.664	0.000	0.000
1.700	0.000	0.000
1.736	0.000	0.000
1.771	0.000	0.000
1.806	0.000	0.000
1.842	0.000	0.000
1.877	0.000	0.000
1.912	0.000	0.000
1.947	0.000	0.000
1.982	0.000	0.000
2.017	0.000	0.000
2.052	0.000	0.000
2.087	0.000	0.000
2.122	0.000	0.000
2.158	0.000	0.000
2.193	0.000	0.000
2.230	0.000	0.000
2.266	0.000	0.000
2.302	0.000	0.000
2.337	0.000	0.000
2.373	0.000	0.000
2.408	0.000	0.000
2.445	0.000	0.000
2.480	0.000	0.000
2.516	0.000	0.000
2.551	0.000	0.000
2.586	0.000	0.000
2.622	0.000	0.000
2.658	0.000	0.000
2.693	0.000	0.000
2.728	0.000	0.000
2.764	0.000	0.000
2.799	0.000	0.000
2.834	0.000	0.000
2.870	0.000	0.000
2.905	0.000	0.000
2.940	0.000	0.000
2.975	0.000	0.000
3.010	0.000	0.000
3.045	0.000	0.000
3.081	0.000	0.000
3.116	0.000	0.000
3.152	0.000	0.000
3.187	0.000	0.000
3.222	0.000	0.000
3.257	0.000	0.000
3.293	0.000	0.000
3.328	0.000	0.000
3.363	0.000	0.000
3.398	0.000	0.000
3.433	0.000	0.000
3.469	0.000	0.000
3.504	0.000	0.000
3.539	0.000	0.000
3.574	0.000	0.000
3.609	0.000	0.000
3.645	0.000	0.000
3.680	0.000	0.000
3.715	0.000	0.000
3.751	0.000	0.000
3.786	0.000	0.000
3.822	0.000	0.000
3.857	0.000	0.000
3.893	0.000	0.000
3.928	0.000	0.000
3.963	0.000	0.000
3.999	0.000	0.000
4.034	0.000	0.000
4.069	0.000	0.000
4.104	0.000	0.000
4.140	0.000	0.000
4.175	0.000	0.000
4.210	0.000	0.000
4.245	0.000	0.000
4.280	0.000	0.000
4.315	0.000	0.000
4.351	0.000	0.000
4.386	0.000	0.000
4.422	0.000	0.000
4.457	0.000	0.000
4.493	0.000	0.000
4.529	0.000	0.000
4.564	0.000	0.000
4.599	0.000	0.000
4.634	0.000	0.000
4.670	0.000	0.000
4.705	0.000	0.000
4.741	0.000	0.000
4.776	0.000	0.000
4.812	0.000	0.000
4.847	0.000	0.000
4.883	0.000	0.000
4.918	0.000	0.000
4.953	0.000	0.000
4.988	0.000	0.000
5.023	0.000	0.000
5.059	0.000	0.000
5.094	0.000	0.000
5.129	0.000	0.000
5.164	0.000	0.000
5.199	0.000	0.000
5.235	5.000	0.000
5.271	5.000	0.000
5.306	5.000	0.067
5.342	5.000	0.192
5.377	5.000	0.308
5.412	5.000	0.411
5.447	5.000	0.501
5.482	5.000	0.576
5.517	5.000	0.642
5.553	5.000	0.697
5.588	5.000	0.744
5.623	5.000	0.786
5.658	5.000	0.825
5.693	5.000	0.854
5.728	5.000	0.879
5.764	5.000	0.904
5.799	5.000	0.920
5.834	5.000	0.940
5.869	5.000	0.951
5.904	5.000	0.968
5.940	5.000	0.976
5.975	5.000	0.986
6.011	5.000	0.993
6.047	5.000	1.001
6.082	5.000	1.007
6.117	5.000	1.013
6.153	5.000	1.013
6.189	5.000	1.020
6.224	5.000	1.023
6.260	5.000	1.024
6.295	5.000	1.025
6.331	5.000	1.028
6.366	5.000	1.031
6.401	5.000	1.031
6.437	5.000	1.032
6.472	5.000	1.034
6.507	5.000	1.035
6.542	5.000	1.035
6.577	5.000	1.036
6.613	5.000	1.036
6.648	5.000	1.033
6.683	5.000	1.037
6.718	5.000	1.037
6.753	5.000	1.034
6.789	5.000	1.038
6.825	5.000	1.038
6.861	5.000	1.038
6.897	5.000	1.035
6.932	5.000	1.039
6.967	5.000	1.040
7.002	5.000	1.038
7.037	5.000	1.039
7.072	5.000	1.037
7.108	5.000	1.035
7.143	5.000	1.037
7.178	5.000	1.040
7.214	5.000	1.039
7.250	5.000	1.040
7.285	5.000	1.040
7.321	5.000	1.038
7.356	5.000	1.040
7.391	5.000	1.040
7.426	5.000	1.040
7.462	5.000	1.039
7.497	5.000	1.040
7.532	5.000	1.039
7.567	5.000	1.036
7.602	5.000	1.039
7.637	5.000	1.040
7.672	5.000	1.040
7.707	5.000	1.038
7.743	5.000	1.038
7.778	5.000	1.037
7.813	5.000	1.039
7.848	5.000	1.040
7.883	5.000	1.040
7.918	5.000	1.040
7.953	5.000	1.039
7.988	5.000	1.039
8.023	5.000	1.040
8.059	5.000	1.040
8.094	5.000	1.042
8.129	5.000	1.042
8.164	5.000	1.042
8.199	5.000	1.042
8.234	5.000	1.041
8.269	5.000	1.041
8.304	5.000	1.039
8.340	5.000	1.041
8.375	5.000	1.040
8.410	5.000	1.041
8.445	5.000	1.040
8.480	5.000	1.040
8.515	5.000	1.040
8.551	5.000	1.040
8.586	5.000	1.039
8.622	5.000	1.038
8.657	5.000	1.039
8.693	5.000	1.040
8.728	5.000	1.037
8.763	5.000	1.041
8.799	5.000	1.041
8.834	5.000	1.037
8.869	5.000	1.042
8.905	5.000	1.041
8.940	5.000	1.041
8.975	5.000	1.038
9.011	5.000	1.039
9.046	5.000	1.041
9.081	5.000	1.041
9.116	5.000	1.039
9.152	5.000	1.039
9.187	5.000	1.040
9.222	5.000	1.042
9.257	5.000	1.041
9.292	5.000	1.037
9.327	5.000	1.040
9.363	5.000	1.040
9.399	5.000	1.036
9.434	5.000	1.040
9.469	5.000	1.037
9.504	5.000	1.038
9.539	5.000	1.040
9.575	5.000	1.037
9.611	5.000	1.036
9.646	5.000	1.036
9.682	5.000	1.038
9.717	5.000	1.036
9.752	5.000	1.040
9.787	5.000	1.040
9.822	5.000	1.038
9.857	5.000	1.041
9.893	5.000	1.040
9.928	5.000	1.036
9.963	5.000	1.037
9.999	5.000	1.041
10.035	5.000	1.040
10.070	5.000	1.037
10.105	5.000	1.040
10.140	5.000	1.038
10.175	5.000	1.039
10.211	5.000	1.039
10.247	5.000	1.039
10.283	5.000	1.035
10.318	5.000	1.035
10.353	5.000	1.038
10.388	5.000	1.037
10.423	5.000	1.038
10.459	5.000	1.037
10.494	5.000	1.039
10.529	5.000	1.037
10.564	5.000	1.040
10.599	5.000	1.041
10.634	5.000	1.040
10.669	5.000	1.038
10.704	5.000	1.039
10.739	5.000	1.040
10.774	5.000	1.040
10.809	5.000	1.039
10.844	5.000	1.039
10.880	5.000	1.040
10.915	5.000	1.041
10.951	5.000	1.037
10.986	5.000	1.040
11.021	5.000	1.041
11.056	5.000	1.040
11.091	5.000	1.037
