0.000	0.000	0.000
0.035	0.000	0.000
0.070	0.000	0.000
0.105	0.000	0.000
0.140	0.000	0.000
0.175	0.000	0.000
0.210	0.000	0.000
0.245	0.000	0.000
0.280	0.000	0.000
0.315	0.000	0.000
0.350	0.000	0.000
0.385	0.000	0.000
0.420	0.000	0.000
0.455	0.000	0.000
0.490	0.000	0.000
0.525	0.000	0.000
0.560	0.000	0.000
0.595	0.000	0.000
0.631	0.000	0.000
0.666	0.000	0.000
0.701	0.000	0.000
0.736	0.000	0.000
0.771	0.000	0.000
0.806	0.000	0.000
0.841	0.000	0.000
0.876	0.000	0.000
0.911	0.000	0.000
0.946	0.000	0.000
0.981	0.000	0.000
1.017	0.000	0.000
1.052	0.000	0.000
1.088	0.000	0.000
1.123	0.000	0.000
1.159	0.000	0.000
1.195	0.000	0.000
1.230	0.000	0.000
1.265	0.000	0.000
1.300	0.000	0.000
1.335	0.000	0.000
1.370	0.000	0.000
1.406	0.000	0.000
1.442	0.000	0.000
1.477	0.000	0.000
1.512	0.000	0.000
1.547	0.000	0.000
1.582	0.000	0.000
1.617	0.000	0.000
1.652	0.000	0.000
1.688	0.000	0.000
1.723	0.000	0.000
1.758	0.000	0.000
1.793	0.000	0.000
1.828	0.000	0.000
1.863	0.000	0.000
1.899	0.000	0.000
1.934	0.000	0.000
1.969	0.000	0.000
2.004	0.000	0.000
2.039	0.000	0.000
2.074	0.000	0.000
2.109	0.000	0.000
2.145	0.000	0.000
2.180	0.000	0.000
2.215	0.000	0.000
2.250	0.000	0.000
2.285	0.000	0.000
2.320	0.000	0.000
2.355	0.000	0.000
2.390	0.000	0.000
2.425	0.000	0.000
2.460	0.000	0.000
2.495	0.000	0.000
2.530	0.000	0.000
2.565	0.000	0.000
2.600	0.000	0.000
2.635	0.000	0.000
2.670	0.000	0.000
2.705	0.000	0.000
2.740	0.000	0.000
2.775	0.000	0.000
2.810	0.000	0.000
2.845	0.000	0.000
2.881	0.000	0.000
2.916	0.000	0.000
2.951	0.000	0.000
2.986	0.000	0.000
3.022	0.000	0.000
3.057	0.000	0.000
3.092	0.000	0.000
3.127	0.000	0.000
3.162	0.000	0.000
3.197	0.000	0.000
3.232	0.000	0.000
3.267	0.000	0.000
3.302	0.000	0.000
3.338	0.000	0.000
3.373	0.000	0.000
3.409	0.000	0.000
3.444	0.000	0.000
3.480	0.000	0.000
3.515	0.000	0.000
3.550	0.000	0.000
3.585	0.000	0.000
3.620	0.000	0.000
3.655	0.000	0.000
3.690	0.000	0.000
3.725	0.000	0.000
3.760	0.000	0.000
3.796	0.000	0.000
3.831	0.000	0.000
3.867	0.000	0.000
3.902	0.000	0.000
3.937	0.000	0.000
3.972	0.000	0.000
4.007	0.000	0.000
4.042	0.000	0.000
4.078	0.000	0.000
4.114	0.000	0.000
4.149	0.000	0.000
4.184	0.000	0.000
4.219	0.000	0.000
4.254	0.000	0.000
4.289	0.000	0.000
4.325	0.000	0.000
4.360	0.000	0.000
4.396	0.000	0.000
4.431	0.000	0.000
4.467	0.000	0.000
4.502	0.000	0.000
4.537	0.000	0.000
4.573	0.000	0.000
4.609	0.000	0.000
4.644	0.000	0.000
4.680	0.000	0.000
4.716	0.000	0.000
4.751	0.000	0.000
4.787	0.000	0.000
4.822	0.000	0.000
4.858	0.000	0.000
4.893	0.000	0.000
4.928	0.000	0.000
4.963	0.000	0.000
4.999	0.000	0.000
5.034	0.000	0.000
5.070	0.000	0.000
5.105	0.000	0.000
5.140	0.000	0.000
5.175	0.000	0.000
5.210	-5.000	0.000
5.245	-5.000	0.000
5.280	-5.000	-0.072
5.315	-5.000	-0.195
5.350	-5.000	-0.310
5.385	-5.000	-0.412
5.420	-5.000	-0.503
5.456	-5.000	-0.577
5.491	-5.000	-0.643
5.527	-5.000	-0.700
5.562	-5.000	-0.748
5.597	-5.000	-0.789
5.632	-5.000	-0.824
5.667	-5.000	-0.855
5.702	-5.000	-0.881
5.737	-5.000	-0.903
5.772	-5.000	-0.922
5.807	-5.000	-0.940
5.843	-5.000	-0.954
5.878	-5.000	-0.968
5.913	-5.000	-0.975
5.949	-5.000	-0.984
5.984	-5.000	-0.996
6.020	-5.000	-1.002
6.055	-5.000	-1.006
6.090	-5.000	-1.010
6.125	-5.000	-1.014
6.160	-5.000	-1.018
6.195	-5.000	-1.020
6.230	-5.000	-1.023
6.266	-5.000	-1.026
6.302	-5.000	-1.032
6.337	-5.000	-1.033
6.372	-5.000	-1.034
6.407	-5.000	-1.034
6.442	-5.000	-1.035
6.477	-5.000	-1.036
6.512	-5.000	-1.037
6.547	-5.000	-1.039
6.582	-5.000	-1.039
6.617	-5.000	-1.040
6.653	-5.000	-1.040
6.688	-5.000	-1.041
6.723	-5.000	-1.041
6.759	-5.000	-1.040
6.794	-5.000	-1.042
6.830	-5.000	-1.042
6.865	-5.000	-1.038
6.900	-5.000	-1.040
6.935	-5.000	-1.041
6.970	-5.000	-1.041
7.005	-5.000	-1.042
7.041	-5.000	-1.041
7.076	-5.000	-1.042
7.111	-5.000	-1.041
7.147	-5.000	-1.040
7.182	-5.000	-1.041
7.217	-5.000	-1.040
7.252	-5.000	-1.042
7.288	-5.000	-1.042
7.323	-5.000	-1.040
7.359	-5.000	-1.041
7.394	-5.000	-1.041
7.429	-5.000	-1.038
7.464	-5.000	-1.040
7.499	-5.000	-1.041
7.535	-5.000	-1.040
7.571	-5.000	-1.036
7.606	-5.000	-1.039
7.641	-5.000	-1.042
7.677	-5.000	-1.042
7.712	-5.000	-1.038
7.747	-5.000	-1.039
7.782	-5.000	-1.038
7.818	-5.000	-1.040
7.853	-5.000	-1.042
7.888	-5.000	-1.043
7.924	-5.000	-1.039
7.959	-5.000	-1.041
7.995	-5.000	-1.042
8.030	-5.000	-1.042
8.065	-5.000	-1.040
8.101	-5.000	-1.041
8.136	-5.000	-1.041
8.171	-5.000	-1.039
8.207	-5.000	-1.042
8.243	-5.000	-1.042
8.279	-5.000	-1.042
8.314	-5.000	-1.042
8.349	-5.000	-1.043
8.384	-5.000	-1.041
8.419	-5.000	-1.042
8.454	-5.000	-1.042
8.489	-5.000	-1.041
8.524	-5.000	-1.041
8.559	-5.000	-1.041
8.594	-5.000	-1.042
8.629	-5.000	-1.041
8.664	-5.000	-1.040
8.700	-5.000	-1.040
8.735	-5.000	-1.042
8.770	-5.000	-1.042
8.805	-5.000	-1.041
8.840	-5.000	-1.042
8.875	-5.000	-1.042
8.910	-5.000	-1.040
8.945	-5.000	-1.042
8.980	-5.000	-1.041
9.015	-5.000	-1.039
9.050	-5.000	-1.042
9.085	-5.000	-1.043
9.121	-5.000	-1.043
9.156	-5.000	-1.039
9.191	-5.000	-1.043
9.226	-5.000	-1.042
9.261	-5.000	-1.041
9.296	-5.000	-1.043
9.331	-5.000	-1.042
9.366	-5.000	-1.042
9.401	-5.000	-1.042
9.436	-5.000	-1.042
9.471	-5.000	-1.043
9.506	-5.000	-1.042
9.541	-5.000	-1.042
9.577	-5.000	-1.041
9.612	-5.000	-1.042
9.647	-5.000	-1.042
9.682	-5.000	-1.042
9.717	-5.000	-1.042
9.752	-5.000	-1.040
9.787	-5.000	-1.041
9.822	-5.000	-1.042
9.858	-5.000	-1.042
9.893	-5.000	-1.042
9.928	-5.000	-1.040
9.963	-5.000	-1.041
9.998	-5.000	-1.041
