0.000	0.000	0.000
0.036	0.000	0.000
0.071	0.000	0.000
0.107	0.000	0.000
0.142	0.000	0.000
0.177	0.000	0.000
0.212	0.000	0.000
0.247	0.000	0.000
0.282	0.000	0.000
0.317	0.000	0.000
0.352	0.000	0.000
0.387	0.000	0.000
0.422	0.000	0.000
0.457	0.000	0.000
0.492	0.000	0.000
0.527	0.000	0.000
0.562	0.000	0.000
0.597	0.000	0.000
0.633	0.000	0.000
0.668	0.000	0.000
0.703	0.000	0.000
0.738	0.000	0.000
0.773	0.000	0.000
0.808	0.000	0.000
0.843	0.000	0.000
0.878	0.000	0.000
1.009	0.000	0.000
1.052	0.000	0.000
1.087	0.000	0.000
1.122	0.000	0.000
1.157	0.000	0.000
1.192	0.000	0.000
1.227	0.000	0.000
1.263	0.000	0.000
1.298	0.000	0.000
1.333	0.000	0.000
1.368	0.000	0.000
1.403	0.000	0.000
1.438	0.000	0.000
1.474	0.000	0.000
1.509	0.000	0.000
1.544	0.000	0.000
1.580	0.000	0.000
1.615	0.000	0.000
1.650	0.000	0.000
1.685	0.000	0.000
1.720	0.000	0.000
1.755	0.000	0.000
1.790	0.000	0.000
1.825	0.000	0.000
1.860	0.000	0.000
1.895	0.000	0.000
1.930	0.000	0.000
1.966	0.000	0.000
2.001	0.000	0.000
2.036	0.000	0.000
2.071	0.000	0.000
2.107	0.000	0.000
2.143	0.000	0.000
2.178	0.000	0.000
2.213	0.000	0.000
2.248	0.000	0.000
2.284	0.000	0.000
2.319	0.000	0.000
2.354	0.000	0.000
2.389	0.000	0.000
2.424	0.000	0.000
2.459	0.000	0.000
2.495	0.000	0.000
2.530	0.000	0.000
2.565	0.000	0.000
2.600	0.000	0.000
2.635	0.000	0.000
2.670	0.000	0.000
2.705	0.000	0.000
2.740	0.000	0.000
2.775	0.000	0.000
2.810	0.000	0.000
2.845	0.000	0.000
2.880	0.000	0.000
2.915	0.000	0.000
2.950	0.000	0.000
2.985	0.000	0.000
3.020	0.000	0.000
3.056	0.000	0.000
3.092	0.000	0.000
3.127	0.000	0.000
3.162	0.000	0.000
3.197	0.000	0.000
3.232	0.000	0.000
3.267	0.000	0.000
3.302	0.000	0.000
3.337	0.000	0.000
3.372	0.000	0.000
3.407	0.000	0.000
3.442	0.000	0.000
3.477	0.000	0.000
3.512	0.000	0.000
3.547	0.000	0.000
3.582	0.000	0.000
3.618	0.000	0.000
3.654	0.000	0.000
3.690	0.000	0.000
3.726	0.000	0.000
3.761	0.000	0.000
3.796	0.000	0.000
3.832	0.000	0.000
3.867	0.000	0.000
3.902	0.000	0.000
3.938	0.000	0.000
3.974	0.000	0.000
4.009	0.000	0.000
4.045	0.000	0.000
4.080	0.000	0.000
4.115	0.000	0.000
4.150	0.000	0.000
4.185	0.000	0.000
4.220	0.000	0.000
4.255	0.000	0.000
4.290	0.000	0.000
4.325	0.000	0.000
4.360	0.000	0.000
4.396	0.000	0.000
4.431	0.000	0.000
4.466	0.000	0.000
4.501	0.000	0.000
4.536	0.000	0.000
4.572	0.000	0.000
4.607	0.000	0.000
4.642	0.000	0.000
4.677	0.000	0.000
4.712	0.000	0.000
4.747	0.000	0.000
4.783	0.000	0.000
4.818	0.000	0.000
4.854	0.000	0.000
4.889	0.000	0.000
4.924	0.000	0.000
4.960	0.000	0.000
4.995	0.000	0.000
5.030	0.000	0.000
5.066	0.000	0.000
5.101	0.000	0.000
5.136	0.000	0.000
5.171	0.000	0.000
5.206	0.000	0.000
5.241	0.000	0.000
5.276	0.000	0.000
5.312	0.000	0.000
5.347	0.000	0.000
5.382	0.000	0.000
5.417	0.000	0.000
5.452	0.000	0.000
5.487	0.000	0.000
5.522	0.000	0.000
5.557	0.000	0.000
5.592	0.000	0.000
5.627	0.000	0.000
5.662	0.000	0.000
5.697	0.000	0.000
5.732	0.000	0.000
5.767	0.000	0.000
5.802	0.000	0.000
5.838	0.000	0.000
5.873	0.000	0.000
5.908	0.000	0.000
5.944	0.000	0.000
5.980	0.000	0.000
6.016	0.000	0.000
6.051	0.000	0.000
6.086	0.000	0.000
6.121	0.000	0.000
6.156	0.000	0.000
6.191	0.000	0.000
6.226	0.000	0.000
6.262	0.000	0.000
6.297	0.000	0.000
6.332	0.000	0.000
6.367	0.000	0.000
6.402	0.000	0.000
6.437	0.000	0.000
6.473	0.000	0.000
6.508	0.000	0.000
6.543	0.000	0.000
6.578	0.000	0.000
6.614	0.000	0.000
6.649	0.000	0.000
6.685	0.000	0.000
6.720	0.000	0.000
6.755	0.000	0.000
6.790	0.000	0.000
6.825	0.000	0.000
6.860	0.000	0.000
6.895	0.000	0.000
6.930	0.000	0.000
6.965	0.000	0.000
7.000	0.000	0.000
7.036	0.000	0.000
7.072	-1.000	0.000
7.107	-1.000	0.000
7.142	-1.000	-0.012
7.177	-1.000	-0.034
7.213	-1.000	-0.055
7.248	-1.000	-0.074
7.283	-1.000	-0.090
7.318	-1.000	-0.104
7.353	-1.000	-0.116
7.388	-1.000	-0.126
7.424	-1.000	-0.134
7.459	-1.000	-0.142
7.494	-1.000	-0.148
7.529	-1.000	-0.154
7.565	-1.000	-0.158
7.600	-1.000	-0.163
7.635	-1.000	-0.166
7.670	-1.000	-0.169
7.706	-1.000	-0.171
7.741	-1.000	-0.174
7.777	-1.000	-0.177
7.812	-1.000	-0.178
7.847	-1.000	-0.180
7.882	-1.000	-0.182
7.917	-1.000	-0.182
7.952	-1.000	-0.183
7.987	-1.000	-0.184
8.022	-1.000	-0.184
8.058	-1.000	-0.185
8.093	-1.000	-0.185
8.128	-1.000	-0.185
8.164	-1.000	-0.186
8.199	-1.000	-0.186
8.234	-1.000	-0.187
8.270	-1.000	-0.187
8.306	-1.000	-0.187
8.342	-1.000	-0.188
8.377	-1.000	-0.188
8.413	-1.000	-0.187
8.448	-1.000	-0.187
8.483	-1.000	-0.187
8.520	-1.000	-0.187
8.555	-1.000	-0.186
8.590	-1.000	-0.187
8.625	-1.000	-0.188
8.660	-1.000	-0.188
8.695	-1.000	-0.189
8.730	-1.000	-0.188
8.765	-1.000	-0.188
8.800	-1.000	-0.189
8.835	-1.000	-0.189
8.870	-1.000	-0.189
8.906	-1.000	-0.189
8.942	-1.000	-0.189
8.978	-1.000	-0.189
9.013	-1.000	-0.188
9.048	-1.000	-0.189
9.083	-1.000	-0.189
9.118	-1.000	-0.189
9.153	-1.000	-0.190
9.188	-1.000	-0.189
9.224	-1.000	-0.190
9.259	-1.000	-0.190
9.295	-1.000	-0.190
9.330	-1.000	-0.189
9.365	-1.000	-0.189
9.401	-1.000	-0.189
9.436	-1.000	-0.188
9.472	-1.000	-0.188
9.507	-1.000	-0.188
9.542	-1.000	-0.188
9.577	-1.000	-0.188
9.612	-1.000	-0.187
9.647	-1.000	-0.188
9.683	-1.000	-0.188
9.718	-1.000	-0.188
9.754	-1.000	-0.188
9.789	-1.000	-0.188
9.824	-1.000	-0.189
9.860	-1.000	-0.188
9.895	-1.000	-0.187
9.930	-1.000	-0.187
9.965	-1.000	-0.187
10.000	-1.000	-0.187
10.035	-1.000	-0.187
10.070	-1.000	-0.187
10.105	-1.000	-0.187
10.140	-1.000	-0.187
10.175	-1.000	-0.187
10.210	-1.000	-0.188
10.246	-1.000	-0.188
10.282	-1.000	-0.189
10.317	-1.000	-0.189
10.352	-1.000	-0.188
10.388	-1.000	-0.188
10.423	-1.000	-0.188
10.458	-1.000	-0.188
10.493	-1.000	-0.189
10.528	-1.000	-0.188
10.563	-1.000	-0.189
10.598	-1.000	-0.189
10.633	-1.000	-0.189
10.668	-1.000	-0.190
10.703	-1.000	-0.190
10.738	-1.000	-0.189
10.773	-1.000	-0.189
10.808	-1.000	-0.189
10.843	-1.000	-0.189
10.878	-1.000	-0.188
10.913	-1.000	-0.188
10.948	-1.000	-0.188
10.983	-1.000	-0.188
11.018	-1.000	-0.188
11.053	-1.000	-0.188
11.088	-1.000	-0.189
11.123	-1.000	-0.190
11.159	-1.000	-0.190
11.194	-1.000	-0.189
11.229	-1.000	-0.189
11.264	-1.000	-0.189
11.299	-1.000	-0.189
11.334	-1.000	-0.189
11.370	-1.000	-0.188
11.405	-1.000	-0.188
11.440	-1.000	-0.188
11.475	-1.000	-0.187
11.510	-1.000	-0.187
11.545	-1.000	-0.187
11.580	-1.000	-0.187
11.616	-1.000	-0.186
11.652	-1.000	-0.185
11.687	-1.000	-0.186
11.722	-1.000	-0.185
11.757	-1.000	-0.184
11.792	-1.000	-0.185
11.828	-1.000	-0.184
11.863	-1.000	-0.184
11.899	-1.000	-0.184
11.935	-1.000	-0.183
11.970	-1.000	-0.183
12.005	-1.000	-0.183
12.040	-1.000	-0.184
12.076	-1.000	-0.185
12.112	-1.000	-0.185
12.148	-1.000	-0.186
12.183	-1.000	-0.185
12.218	-1.000	-0.185
12.254	-1.000	-0.186
12.289	-1.000	-0.187
12.325	-1.000	-0.186
12.360	-1.000	-0.187
12.395	-1.000	-0.187
12.430	-1.000	-0.187
12.465	-1.000	-0.187
12.500	-1.000	-0.187
12.535	-1.000	-0.187
12.570	-1.000	-0.188
12.605	-1.000	-0.189
12.640	-1.000	-0.188
12.675	-1.000	-0.189
12.710	-1.000	-0.189
12.745	-1.000	-0.189
12.780	-1.000	-0.189
12.815	-1.000	-0.189
12.850	-1.000	-0.189
12.886	-1.000	-0.189
12.923	-1.000	-0.189
12.958	-1.000	-0.189
12.993	-1.000	-0.189
13.028	-1.000	-0.190
13.063	-1.000	-0.190
13.098	-1.000	-0.191
13.133	-1.000	-0.190
13.168	-1.000	-0.190
13.203	-1.000	-0.189
13.238	-1.000	-0.189
13.274	-1.000	-0.190
13.310	-1.000	-0.190
13.345	-1.000	-0.190
13.380	-1.000	-0.190
13.416	-1.000	-0.190
13.452	-1.000	-0.190
13.487	-1.000	-0.189
13.522	-1.000	-0.189
13.557	-1.000	-0.189
13.592	-1.000	-0.189
13.627	-1.000	-0.189
13.662	-1.000	-0.189
13.697	-1.000	-0.189
13.732	-1.000	-0.190
13.768	-1.000	-0.190
13.803	-1.000	-0.189
13.838	-1.000	-0.190
13.873	-1.000	-0.190
13.908	-1.000	-0.190
13.944	-1.000	-0.190
13.979	-1.000	-0.190
14.014	-1.000	-0.190
14.049	-1.000	-0.190
14.084	-1.000	-0.190
14.119	-1.000	-0.191
14.154	-1.000	-0.191
14.190	-1.000	-0.190
14.225	-1.000	-0.190
14.261	-1.000	-0.190
14.297	-1.000	-0.190
14.333	-1.000	-0.190
14.368	-1.000	-0.189
14.403	-1.000	-0.189
14.438	-1.000	-0.190
14.473	-1.000	-0.190
14.508	-1.000	-0.190
14.543	-1.000	-0.190
14.578	-1.000	-0.190
14.614	-1.000	-0.190
14.649	-1.000	-0.190
14.684	-1.000	-0.190
14.719	-1.000	-0.190
14.754	-1.000	-0.190
14.789	-1.000	-0.190
14.824	-1.000	-0.189
14.859	-1.000	-0.190
14.894	-1.000	-0.190
14.929	-1.000	-0.190
14.964	-1.000	-0.189
14.999	-1.000	-0.190
15.035	-1.000	-0.190
15.071	-1.000	-0.190
15.106	-1.000	-0.190
15.142	-1.000	-0.190
15.177	-1.000	-0.190
15.213	-1.000	-0.190
15.248	-1.000	-0.190
15.284	-1.000	-0.190
15.319	-1.000	-0.189
15.355	-1.000	-0.189
15.390	-1.000	-0.189
15.425	-1.000	-0.189
15.460	-1.000	-0.190
15.495	-1.000	-0.189
15.530	-1.000	-0.189
15.565	-1.000	-0.189
15.600	-1.000	-0.190
15.635	-1.000	-0.189
15.670	-1.000	-0.190
15.705	-1.000	-0.190
15.740	-1.000	-0.190
15.775	-1.000	-0.190
15.810	-1.000	-0.189
15.845	-1.000	-0.190
15.880	-1.000	-0.190
15.916	-1.000	-0.190
15.952	-1.000	-0.190
15.988	-1.000	-0.189
16.024	-1.000	-0.189
16.059	-1.000	-0.190
16.094	-1.000	-0.189
16.129	-1.000	-0.190
16.165	-1.000	-0.189
16.201	-1.000	-0.190
16.237	-1.000	-0.189
16.272	-1.000	-0.190
16.307	-1.000	-0.190
16.343	-1.000	-0.190
16.378	-1.000	-0.190
