0.000	0.000	0.000
0.035	0.000	0.000
0.070	0.000	0.000
0.105	0.000	0.000
0.140	0.000	0.000
0.175	0.000	0.000
0.210	0.000	0.000
0.245	0.000	0.000
0.280	0.000	0.000
0.316	0.000	0.000
0.351	0.000	0.000
0.386	0.000	0.000
0.421	0.000	0.000
0.456	0.000	0.000
0.492	0.000	0.000
0.527	0.000	0.000
0.562	0.000	0.000
0.597	0.000	0.000
0.632	0.000	0.000
0.667	0.000	0.000
0.702	0.000	0.000
0.737	0.000	0.000
0.772	0.000	0.000
0.807	0.000	0.000
0.842	0.000	0.000
0.877	0.000	0.000
0.912	0.000	0.000
0.947	0.000	0.000
0.982	0.000	0.000
1.017	0.000	0.000
1.053	0.000	0.000
1.088	0.000	0.000
1.123	0.000	0.000
1.158	0.000	0.000
1.193	0.000	0.000
1.228	0.000	0.000
1.263	0.000	0.000
1.298	0.000	0.000
1.333	0.000	0.000
1.368	0.000	0.000
1.403	0.000	0.000
1.438	0.000	0.000
1.473	0.000	0.000
1.508	0.000	0.000
1.543	0.000	0.000
1.578	0.000	0.000
1.614	0.000	0.000
1.649	0.000	0.000
1.684	0.000	0.000
1.720	0.000	0.000
1.755	0.000	0.000
1.790	0.000	0.000
1.825	0.000	0.000
1.861	0.000	0.000
1.896	0.000	0.000
1.931	0.000	0.000
1.966	0.000	0.000
2.002	0.000	0.000
2.037	0.000	0.000
2.072	0.000	0.000
2.107	0.000	0.000
2.142	0.000	0.000
2.177	0.000	0.000
2.212	0.000	0.000
2.247	0.000	0.000
2.282	0.000	0.000
2.317	0.000	0.000
2.353	0.000	0.000
2.388	0.000	0.000
2.424	0.000	0.000
2.459	0.000	0.000
2.494	0.000	0.000
2.529	0.000	0.000
2.564	0.000	0.000
2.599	0.000	0.000
2.635	0.000	0.000
2.670	0.000	0.000
2.705	0.000	0.000
2.741	0.000	0.000
2.776	0.000	0.000
2.812	0.000	0.000
2.847	0.000	0.000
2.883	0.000	0.000
2.918	-1.000	0.000
2.953	-1.000	0.000
2.988	-1.000	-0.013
3.024	-1.000	-0.035
3.059	-1.000	-0.058
3.094	-1.000	-0.076
3.129	-1.000	-0.092
3.164	-1.000	-0.106
3.200	-1.000	-0.118
3.236	-1.000	-0.128
3.271	-1.000	-0.137
3.306	-1.000	-0.145
3.341	-1.000	-0.151
3.376	-1.000	-0.157
3.411	-1.000	-0.162
3.446	-1.000	-0.166
3.482	-1.000	-0.170
3.517	-1.000	-0.174
3.552	-1.000	-0.176
3.587	-1.000	-0.178
3.622	-1.000	-0.180
3.657	-1.000	-0.181
3.692	-1.000	-0.183
3.727	-1.000	-0.184
3.762	-1.000	-0.185
3.797	-1.000	-0.186
3.832	-1.000	-0.186
3.868	-1.000	-0.187
3.903	-1.000	-0.189
3.938	-1.000	-0.189
3.973	-1.000	-0.190
4.008	-1.000	-0.190
4.043	-1.000	-0.190
4.078	-1.000	-0.190
4.113	-1.000	-0.190
4.148	-1.000	-0.190
4.183	-1.000	-0.190
4.219	-1.000	-0.190
4.254	-1.000	-0.190
4.289	-1.000	-0.190
4.324	-1.000	-0.190
4.359	-1.000	-0.190
4.394	-1.000	-0.190
4.429	-1.000	-0.190
4.464	-1.000	-0.190
4.499	-1.000	-0.190
4.534	-1.000	-0.189
4.569	-1.000	-0.189
4.605	-1.000	-0.189
4.640	-1.000	-0.189
4.675	-1.000	-0.189
4.710	-1.000	-0.190
4.745	-1.000	-0.190
4.780	-1.000	-0.190
4.815	-1.000	-0.190
4.850	-1.000	-0.190
4.885	-1.000	-0.190
4.920	-1.000	-0.190
4.955	-1.000	-0.190
4.990	-1.000	-0.191
5.025	-1.000	-0.191
5.060	-1.000	-0.191
5.095	-1.000	-0.191
5.130	-1.000	-0.191
5.165	-1.000	-0.191
5.200	-1.000	-0.191
5.235	-1.000	-0.191
5.270	-1.000	-0.191
5.305	-1.000	-0.192
5.341	-1.000	-0.192
5.376	-1.000	-0.193
5.411	-1.000	-0.193
5.446	-1.000	-0.193
5.481	-1.000	-0.192
5.516	-1.000	-0.193
5.551	-1.000	-0.192
5.586	-1.000	-0.192
5.621	-1.000	-0.192
5.656	-1.000	-0.192
5.691	-1.000	-0.192
5.727	-1.000	-0.192
5.762	-1.000	-0.193
5.797	-1.000	-0.192
5.832	-1.000	-0.192
5.867	-1.000	-0.193
5.902	-1.000	-0.192
5.937	-1.000	-0.192
5.972	-1.000	-0.192
6.007	-1.000	-0.192
6.042	-1.000	-0.193
6.077	-1.000	-0.192
6.112	-1.000	-0.192
6.147	-1.000	-0.192
6.183	-1.000	-0.192
6.218	-1.000	-0.193
6.253	-1.000	-0.193
6.288	-1.000	-0.193
6.323	-1.000	-0.192
6.358	-1.000	-0.192
6.393	-1.000	-0.193
6.428	-1.000	-0.192
6.463	-1.000	-0.192
6.498	-1.000	-0.192
6.533	-1.000	-0.192
6.569	-1.000	-0.192
6.604	-1.000	-0.192
6.639	-1.000	-0.192
6.674	-1.000	-0.205
6.709	-1.000	-0.230
6.744	-1.000	-0.253
6.779	-1.000	-0.274
6.814	-1.000	-0.291
6.849	-1.000	-0.306
6.884	-1.000	-0.319
6.919	-1.000	-0.330
6.954	-1.000	-0.340
6.989	-1.000	-0.350
7.024	-1.000	-0.357
7.059	-1.000	-0.363
7.094	-1.000	-0.367
7.129	-1.000	-0.372
7.164	-1.000	-0.376
7.199	-1.000	-0.379
7.234	-1.000	-0.382
7.269	-1.000	-0.384
7.305	-1.000	-0.387
7.340	-1.000	-0.388
7.375	-1.000	-0.391
7.410	-1.000	-0.392
7.445	-1.000	-0.393
7.480	-1.000	-0.394
7.515	-1.000	-0.394
7.550	-1.000	-0.394
7.585	-1.000	-0.395
7.620	-1.000	-0.395
7.655	-1.000	-0.396
7.691	-1.000	-0.396
7.726	-1.000	-0.398
7.761	-1.000	-0.398
7.796	-1.000	-0.398
7.831	-1.000	-0.398
7.866	-1.000	-0.398
7.901	-1.000	-0.398
7.936	-1.000	-0.398
7.971	-1.000	-0.398
8.006	-1.000	-0.399
8.041	-1.000	-0.399
8.076	-1.000	-0.399
8.111	-1.000	-0.401
8.146	-1.000	-0.400
8.181	-1.000	-0.400
8.216	-1.000	-0.400
8.251	-1.000	-0.400
8.286	-1.000	-0.400
8.321	-1.000	-0.400
8.356	-1.000	-0.400
8.391	-1.000	-0.400
8.427	-1.000	-0.400
8.462	-1.000	-0.400
8.497	-1.000	-0.401
8.532	-1.000	-0.401
8.567	-1.000	-0.401
8.602	-1.000	-0.400
8.637	-1.000	-0.400
8.672	-1.000	-0.400
8.707	-1.000	-0.400
8.742	-1.000	-0.400
8.777	-1.000	-0.400
8.813	-1.000	-0.399
8.848	-1.000	-0.401
8.883	-1.000	-0.400
8.918	-1.000	-0.400
8.953	-1.000	-0.400
8.988	-1.000	-0.400
9.023	-1.000	-0.399
9.058	-1.000	-0.399
9.093	-1.000	-0.399
9.128	-1.000	-0.399
9.163	-1.000	-0.399
9.199	-1.000	-0.399
9.234	-1.000	-0.400
9.269	-1.000	-0.400
9.304	-1.000	-0.400
9.339	-1.000	-0.400
9.374	-1.000	-0.400
9.409	-1.000	-0.400
9.444	-1.000	-0.400
9.479	-1.000	-0.400
9.514	-1.000	-0.400
9.549	-1.000	-0.400
9.584	-1.000	-0.399
9.619	-1.000	-0.401
9.654	-1.000	-0.401
9.689	-1.000	-0.401
9.724	-1.000	-0.400
9.759	-1.000	-0.400
9.794	-1.000	-0.400
9.829	-1.000	-0.400
9.864	-1.000	-0.400
9.899	-1.000	-0.400
9.935	-1.000	-0.400
9.970	-1.000	-0.401
10.005	-1.000	-0.401
10.040	-1.000	-0.400
10.075	-1.000	-0.400
10.110	-1.000	-0.400
10.145	-1.000	-0.400
10.180	-1.000	-0.400
10.215	-1.000	-0.399
10.250	-1.000	-0.399
10.285	-1.000	-0.399
10.320	-1.000	-0.399
10.355	-1.000	-0.400
10.390	-1.000	-0.400
10.425	-1.000	-0.400
10.460	-1.000	-0.400
10.495	-1.000	-0.399
10.530	-1.000	-0.400
10.565	-1.000	-0.400
10.600	-1.000	-0.399
10.635	-1.000	-0.399
10.671	-1.000	-0.399
10.706	-1.000	-0.401
10.741	-1.000	-0.400
10.776	-1.000	-0.400
10.811	-1.000	-0.400
10.846	-1.000	-0.400
10.881	-1.000	-0.400
10.916	-1.000	-0.400
10.951	-1.000	-0.400
10.986	-1.000	-0.400
11.021	-1.000	-0.399
11.057	-1.000	-0.399
11.092	-1.000	-0.400
11.127	-1.000	-0.400
11.162	-1.000	-0.400
