0.000	0.000	0.000
0.035	0.000	0.000
0.071	0.000	0.000
0.107	0.000	0.000
0.142	0.000	0.000
0.178	0.000	0.000
0.213	0.000	0.000
0.248	0.000	0.000
0.284	0.000	0.000
0.319	0.000	0.000
0.354	0.000	0.000
0.389	0.000	0.000
0.425	0.000	0.000
0.461	0.000	0.000
0.496	0.000	0.000
0.531	0.000	0.000
0.566	0.000	0.000
0.601	0.000	0.000
0.636	0.000	0.000
0.672	0.000	0.000
0.707	0.000	0.000
0.742	0.000	0.000
0.778	0.000	0.000
0.813	0.000	0.000
0.848	0.000	0.000
0.883	0.000	0.000
0.918	0.000	0.000
0.953	0.000	0.000
0.989	0.000	0.000
1.024	0.000	0.000
1.059	0.000	0.000
1.094	0.000	0.000
1.129	0.000	0.000
1.164	0.000	0.000
1.199	0.000	0.000
1.234	0.000	0.000
1.269	0.000	0.000
1.304	0.000	0.000
1.339	0.000	0.000
1.374	0.000	0.000
1.409	0.000	0.000
1.445	0.000	0.000
1.480	0.000	0.000
1.515	0.000	0.000
1.551	0.000	0.000
1.586	0.000	0.000
1.621	0.000	0.000
1.656	0.000	0.000
1.691	0.000	0.000
1.726	0.000	0.000
1.761	0.000	0.000
1.796	0.000	0.000
1.832	0.000	0.000
1.867	0.000	0.000
1.903	0.000	0.000
1.939	0.000	0.000
1.974	0.000	0.000
2.009	0.000	0.000
2.044	0.000	0.000
2.079	0.000	0.000
2.114	0.000	0.000
2.149	0.000	0.000
2.184	0.000	0.000
2.219	0.000	0.000
2.254	0.000	0.000
2.289	0.000	0.000
2.324	0.000	0.000
2.359	0.000	0.000
2.394	0.000	0.000
2.429	0.000	0.000
2.464	0.000	0.000
2.500	0.000	0.000
2.535	0.000	0.000
2.570	0.000	0.000
2.605	0.000	0.000
2.641	0.000	0.000
2.676	0.000	0.000
2.712	0.000	0.000
2.747	0.000	0.000
2.782	0.000	0.000
2.818	0.000	0.000
2.853	0.000	0.000
2.888	0.000	0.000
2.923	0.000	0.000
2.958	0.000	0.000
2.993	0.000	0.000
4.057	0.000	0.000
4.092	0.000	0.000
4.127	0.000	0.000
4.162	0.000	0.000
4.197	0.000	0.000
4.232	0.000	0.000
4.267	0.000	0.000
4.303	0.000	0.000
4.338	0.000	0.000
4.373	0.000	0.000
4.408	0.000	0.000
4.444	0.000	0.000
4.479	0.000	0.000
4.514	0.000	0.000
4.549	0.000	0.000
4.584	0.000	0.000
4.620	0.000	0.000
4.655	0.000	0.000
4.690	0.000	0.000
4.725	0.000	0.000
4.761	0.000	0.000
4.796	0.000	0.000
4.831	0.000	0.000
4.866	0.000	0.000
4.901	0.000	0.000
4.936	0.000	0.000
4.971	0.000	0.000
5.006	0.000	0.000
5.042	0.000	0.000
5.077	0.000	0.000
5.112	0.000	0.000
5.147	0.000	0.000
5.182	0.000	0.000
5.218	0.000	0.000
5.253	0.000	0.000
5.289	0.000	0.000
5.324	0.000	0.000
5.359	0.000	0.000
5.394	0.000	0.000
5.429	0.000	0.000
5.464	0.000	0.000
5.499	0.000	0.000
5.534	0.000	0.000
5.569	0.000	0.000
5.604	0.000	0.000
5.639	0.000	0.000
5.675	0.000	0.000
5.712	0.000	0.000
5.747	0.000	0.000
5.783	0.000	0.000
5.819	0.000	0.000
5.854	0.000	0.000
5.891	0.000	0.000
5.926	0.000	0.000
5.961	0.000	0.000
5.998	0.000	0.000
6.033	0.000	0.000
6.068	0.000	0.000
6.103	0.000	0.000
6.138	0.000	0.000
6.173	0.000	0.000
6.208	0.000	0.000
6.243	0.000	0.000
6.278	0.000	0.000
6.314	0.000	0.000
6.349	0.000	0.000
6.384	0.000	0.000
6.419	0.000	0.000
6.454	0.000	0.000
6.489	0.000	0.000
6.524	0.000	0.000
6.560	0.000	0.000
6.595	0.000	0.000
6.631	0.000	0.000
6.666	0.000	0.000
6.702	0.000	0.000
6.737	0.000	0.000
6.772	0.000	0.000
6.807	0.000	0.000
6.842	0.000	0.000
6.878	0.000	0.000
6.913	0.000	0.000
6.948	0.000	0.000
6.983	0.000	0.000
7.019	0.000	0.000
7.054	0.000	0.000
7.089	0.000	0.000
7.124	0.000	0.000
7.159	0.000	0.000
7.194	0.000	0.000
7.230	0.000	0.000
7.265	0.000	0.000
7.300	0.000	0.000
7.335	0.000	0.000
7.371	0.000	0.000
7.406	0.000	0.000
7.441	0.000	0.000
7.476	0.000	0.000
7.512	0.000	0.000
7.548	0.000	0.000
7.583	0.000	0.000
7.620	0.000	0.000
7.655	0.000	0.000
7.691	0.000	0.000
7.726	0.000	0.000
7.761	0.000	0.000
7.796	0.000	0.000
7.831	0.000	0.000
7.866	0.000	0.000
7.901	0.000	0.000
7.936	0.000	0.000
7.971	0.000	0.000
8.006	0.000	0.000
8.042	0.000	0.000
8.077	0.000	0.000
8.112	0.000	0.000
8.147	0.000	0.000
8.182	0.000	0.000
8.217	0.000	0.000
8.252	0.000	0.000
8.287	0.000	0.000
8.322	0.000	0.000
8.359	0.000	0.000
8.394	0.000	0.000
8.429	0.000	0.000
8.465	0.000	0.000
8.501	0.000	0.000
8.536	0.000	0.000
8.571	0.000	0.000
8.606	0.000	0.000
8.641	0.000	0.000
8.676	0.000	0.000
8.711	0.000	0.000
8.747	0.000	0.000
8.782	0.000	0.000
8.817	0.000	0.000
8.852	0.000	0.000
8.887	0.000	0.000
8.923	0.000	0.000
8.960	0.000	0.000
8.995	0.000	0.000
9.030	0.000	0.000
9.065	0.000	0.000
9.100	0.000	0.000
9.135	0.000	0.000
9.171	0.000	0.000
9.206	0.000	0.000
9.241	0.000	0.000
9.276	0.000	0.000
9.311	0.000	0.000
9.347	0.000	0.000
9.382	0.000	0.000
9.417	0.000	0.000
9.452	0.000	0.000
9.488	0.000	0.000
9.523	0.000	0.000
9.559	0.000	0.000
9.594	0.000	0.000
9.630	0.000	0.000
9.666	0.000	0.000
9.701	0.000	0.000
9.736	0.000	0.000
9.771	0.000	0.000
9.806	0.000	0.000
9.842	0.000	0.000
9.877	0.000	0.000
9.912	0.000	0.000
9.947	0.000	0.000
9.983	0.000	0.000
10.018	0.000	0.000
10.053	0.000	0.000
10.088	0.000	0.000
10.124	0.000	0.000
10.159	0.000	0.000
10.194	0.000	0.000
10.229	0.000	0.000
10.264	0.000	0.000
10.300	0.000	0.000
10.336	0.000	0.000
10.372	0.000	0.000
10.407	0.000	0.000
10.443	0.000	0.000
10.478	0.000	0.000
10.513	0.000	0.000
10.549	0.000	0.000
10.584	0.000	0.000
10.619	0.000	0.000
10.654	0.000	0.000
10.689	0.000	0.000
10.724	0.000	0.000
10.759	0.000	0.000
10.794	0.000	0.000
10.829	0.000	0.000
10.864	0.000	0.000
10.900	0.000	0.000
10.935	0.000	0.000
10.970	0.000	0.000
11.005	0.000	0.000
11.040	0.000	0.000
11.076	0.000	0.000
11.112	0.000	0.000
11.149	0.000	0.000
11.184	0.000	0.000
11.219	0.000	0.000
11.254	0.000	0.000
11.289	0.000	0.000
11.324	0.000	0.000
11.359	0.000	0.000
11.394	0.000	0.000
11.429	0.000	0.000
11.464	0.000	0.000
11.499	0.000	0.000
11.534	0.000	0.000
11.569	0.000	0.000
11.604	0.000	0.000
11.639	0.000	0.000
11.674	0.000	0.000
11.710	0.000	0.000
11.745	0.000	0.000
11.780	0.000	0.000
11.816	0.000	0.000
11.852	0.000	0.000
11.888	0.000	0.000
11.923	0.000	0.000
11.959	0.000	0.000
11.995	0.000	0.000
12.030	0.000	0.000
12.065	0.000	0.000
12.101	0.000	0.000
12.137	0.000	0.000
12.172	0.000	0.000
12.207	0.000	0.000
12.243	0.000	0.000
12.279	0.000	0.000
12.314	0.000	0.000
12.349	0.000	0.000
12.385	0.000	0.000
12.420	0.000	0.000
12.455	0.000	0.000
12.490	0.000	0.000
12.525	0.000	0.000
12.560	0.000	0.000
12.595	0.000	0.000
12.631	0.000	0.000
12.666	0.000	0.000
12.701	0.000	0.000
12.736	0.000	0.000
12.771	0.000	0.000
12.806	0.000	0.000
12.842	0.000	0.000
12.879	0.000	0.000
12.914	0.000	0.000
12.949	0.000	0.000
12.984	0.000	0.000
13.019	0.000	0.000
13.054	0.000	0.000
13.089	0.000	0.000
13.124	0.000	0.000
13.159	0.000	0.000
13.194	0.000	0.000
13.230	0.000	0.000
13.265	0.000	0.000
13.300	0.000	0.000
13.335	0.000	0.000
13.370	0.000	0.000
13.405	0.000	0.000
13.441	0.000	0.000
13.477	0.000	0.000
13.512	0.000	0.000
13.547	0.000	0.000
13.582	0.000	0.000
13.618	0.000	0.000
13.653	0.000	0.000
13.688	0.000	0.000
13.724	0.000	0.000
13.759	0.000	0.000
13.794	0.000	0.000
13.829	0.000	0.000
13.864	0.000	0.000
13.900	0.000	0.000
13.936	0.000	0.000
13.971	0.000	0.000
14.006	0.000	0.000
14.041	0.000	0.000
14.076	0.000	0.000
14.111	1.000	0.000
14.146	1.000	0.000
14.182	1.000	0.047
14.218	1.000	0.143
14.253	1.000	0.243
14.288	1.000	0.335
14.323	1.000	0.416
14.359	1.000	0.484
14.394	1.000	0.545
14.429	1.000	0.600
14.464	1.000	0.645
14.499	1.000	0.685
14.534	1.000	0.719
14.569	1.000	0.748
14.604	1.000	0.775
14.639	1.000	0.800
14.674	1.000	0.816
14.709	1.000	0.835
14.744	1.000	0.851
14.779	1.000	0.862
14.814	1.000	0.874
14.849	1.000	0.888
14.884	1.000	0.896
14.919	1.000	0.902
14.954	1.000	0.908
14.989	1.000	0.916
15.024	1.000	0.922
15.059	1.000	0.927
15.094	1.000	0.932
15.130	1.000	0.937
15.165	1.000	0.941
15.200	1.000	0.942
15.236	1.000	0.944
15.271	1.000	0.948
15.306	1.000	0.949
15.341	1.000	0.953
15.376	1.000	0.956
15.412	1.000	0.959
15.447	1.000	0.959
15.482	1.000	0.961
15.517	1.000	0.961
15.552	1.000	0.960
15.588	1.000	0.960
15.623	1.000	0.964
15.658	1.000	0.965
15.693	1.000	0.965
15.728	1.000	0.965
15.764	1.000	0.963
15.799	1.000	0.968
15.834	1.000	0.968
15.869	1.000	0.966
15.904	1.000	0.966
15.939	1.000	0.968
15.974	1.000	0.966
16.009	1.000	0.969
16.044	1.000	0.968
16.079	1.000	0.968
16.114	1.000	0.970
16.149	1.000	0.967
16.184	1.000	0.967
16.219	1.000	0.967
16.255	1.000	0.968
16.290	1.000	0.967
16.325	1.000	0.971
16.360	1.000	0.969
16.395	1.000	0.970
16.431	1.000	0.972
16.466	1.000	0.970
16.501	1.000	0.970
16.536	1.000	0.974
16.571	1.000	0.971
16.606	1.000	0.972
16.642	1.000	0.972
16.679	1.000	0.968
16.714	1.000	0.969
16.749	1.000	0.971
16.784	1.000	0.972
16.819	1.000	0.974
16.854	1.000	0.972
16.889	1.000	0.972
16.924	1.000	0.973
16.959	1.000	0.970
16.994	1.000	0.970
17.029	1.000	0.972
17.064	1.000	0.970
17.099	1.000	0.970
17.134	1.000	0.969
17.169	1.000	0.970
17.204	1.000	0.971
17.239	1.000	0.971
17.274	1.000	0.971
17.309	1.000	0.972
17.344	1.000	0.970
17.379	1.000	0.973
17.414	1.000	0.971
17.449	1.000	0.972
17.484	1.000	0.973
17.519	1.000	0.971
17.554	1.000	0.971
17.590	1.000	0.970
17.625	1.000	0.970
17.660	1.000	0.972
17.695	1.000	0.972
17.730	1.000	0.974
17.766	1.000	0.972
17.801	1.000	0.972
17.836	1.000	0.972
17.871	1.000	0.972
17.907	1.000	0.970
17.942	1.000	0.970
17.977	1.000	0.970
18.012	1.000	0.971
18.049	1.000	0.973
18.084	1.000	0.964
18.119	1.000	0.955
18.154	1.000	0.940
18.189	1.000	0.931
18.225	1.000	0.927
18.260	1.000	0.920
18.295	1.000	0.920
18.330	1.000	0.920
18.365	1.000	0.918
18.400	1.000	0.922
18.435	1.000	0.920
18.470	1.000	0.923
18.505	1.000	0.928
18.540	1.000	0.928
18.575	1.000	0.933
18.610	1.000	0.935
18.645	1.000	0.934
18.680	1.000	0.937
18.715	1.000	0.939
18.750	1.000	0.942
18.785	1.000	0.945
18.820	1.000	0.946
18.855	1.000	0.950
18.890	1.000	0.950
18.925	1.000	0.952
18.961	1.000	0.955
18.997	1.000	0.953
19.032	1.000	0.954
19.067	1.000	0.957
19.103	1.000	0.960
19.138	1.000	0.958
19.173	1.000	0.960
19.208	1.000	0.960
19.244	1.000	0.962
19.280	1.000	0.961
19.315	1.000	0.962
19.350	1.000	0.964
19.385	1.000	0.965
19.420	1.000	0.966
19.455	1.000	0.964
19.490	1.000	0.966
19.525	1.000	0.964
19.560	1.000	0.967
19.595	1.000	0.964
19.630	1.000	0.964
19.666	1.000	0.967
19.701	1.000	0.965
19.736	1.000	0.966
19.771	1.000	0.967
19.807	1.000	0.969
19.842	1.000	0.966
19.877	1.000	0.967
19.913	1.000	0.968
19.948	1.000	0.966
19.983	1.000	0.966
20.018	1.000	0.968
20.053	1.000	0.967
20.088	1.000	0.968
20.124	1.000	0.970
20.159	1.000	0.969
20.194	1.000	0.969
20.229	1.000	0.969
20.264	1.000	0.967
20.299	1.000	0.969
20.334	1.000	0.966
20.369	1.000	0.967
20.405	1.000	0.966
20.441	1.000	0.968
20.476	1.000	0.970
20.511	1.000	0.968
20.546	1.000	0.967
20.581	1.000	0.968
20.616	1.000	0.967
20.651	1.000	0.969
20.686	1.000	0.970
20.721	1.000	0.969
20.756	1.000	0.967
20.791	1.000	0.968
20.826	1.000	0.967
20.861	1.000	0.967
20.896	1.000	0.968
20.931	1.000	0.967
20.966	1.000	0.969
21.003	1.000	0.970
21.038	1.000	0.967
21.073	1.000	0.967
21.108	1.000	0.968
21.144	1.000	0.971
21.179	1.000	0.971
21.214	1.000	0.968
21.249	1.000	0.968
21.284	1.000	0.967
21.319	1.000	0.969
21.354	1.000	0.970
21.389	1.000	0.968
21.424	1.000	0.970
21.459	1.000	0.969
21.494	1.000	0.967
21.530	1.000	0.966
21.565	1.000	0.966
21.600	1.000	0.969
21.635	1.000	0.965
21.670	1.000	0.965
21.705	1.000	0.967
21.741	1.000	0.968
21.776	1.000	0.965
21.811	1.000	0.967
21.847	1.000	0.968
21.882	1.000	0.967
21.917	1.000	0.968
21.952	1.000	0.969
21.988	1.000	0.969
22.024	1.000	0.968
22.059	1.000	0.968
22.094	1.000	0.969
22.129	1.000	0.972
22.164	1.000	0.969
22.199	1.000	0.970
22.234	1.000	0.971
22.269	1.000	0.968
22.305	1.000	0.970
22.341	1.000	0.967
22.377	1.000	0.967
22.412	1.000	0.970
22.448	1.000	0.968
22.484	1.000	0.969
22.519	1.000	0.967
22.554	1.000	0.971
22.589	1.000	0.968
22.624	1.000	0.968
22.660	1.000	0.967
22.695	1.000	0.967
22.730	1.000	0.969
22.765	1.000	0.971
22.801	1.000	0.968
22.838	1.000	0.967
22.873	1.000	0.967
22.908	1.000	0.968
22.944	1.000	0.971
22.979	1.000	0.971
23.014	1.000	0.968
23.049	1.000	0.971
23.084	1.000	0.967
23.119	1.000	0.967
23.154	1.000	0.969
23.189	1.000	0.970
23.224	1.000	0.971
23.259	1.000	0.968
23.294	1.000	0.969
23.329	1.000	0.969
23.364	1.000	0.967
23.399	1.000	0.969
23.434	1.000	0.971
23.469	1.000	0.969
23.504	1.000	0.967
23.539	1.000	0.969
23.575	1.000	0.967
23.610	1.000	0.967
23.645	1.000	0.969
23.680	1.000	0.971
23.716	1.000	0.972
23.751	1.000	0.967
23.787	1.000	0.968
23.822	1.000	0.969
23.859	1.000	0.968
23.894	1.000	0.967
23.929	1.000	0.971
23.964	1.000	0.970
23.999	1.000	0.967
24.034	1.000	0.970
24.069	1.000	0.970
24.104	1.000	0.966
24.139	1.000	0.970
24.174	1.000	0.967
24.210	1.000	0.969
24.245	1.000	0.966
24.280	1.000	0.969
24.315	1.000	0.969
24.350	1.000	0.968
24.385	1.000	0.967
24.420	1.000	0.969
24.456	1.000	0.970
24.491	1.000	0.970
24.526	1.000	0.970
24.561	1.000	0.968
24.596	1.000	0.968
24.631	1.000	0.966
24.666	1.000	0.969
24.701	1.000	0.966
24.736	1.000	0.967
24.771	1.000	0.969
24.806	1.000	0.970
24.842	1.000	0.969
24.877	1.000	0.970
24.912	1.000	0.967
24.947	1.000	0.968
24.982	1.000	0.966
25.018	1.000	0.968
25.054	1.000	0.965
25.089	1.000	0.965
25.124	1.000	0.966
25.159	1.000	0.965
25.194	1.000	0.965
25.230	1.000	0.968
25.266	1.000	0.970
25.301	1.000	0.967
25.336	1.000	0.968
25.372	1.000	0.969
25.408	1.000	0.967
25.443	1.000	0.967
25.478	1.000	0.969
25.514	1.000	0.968
25.550	1.000	0.968
25.585	1.000	0.968
25.620	1.000	0.971
25.655	1.000	0.968
25.690	1.000	0.970
25.725	1.000	0.970
25.761	1.000	0.968
25.796	1.000	0.967
25.832	1.000	0.968
25.867	1.000	0.967
25.902	1.000	0.968
25.937	1.000	0.969
25.972	1.000	0.968
26.007	1.000	0.969
26.042	1.000	0.968
26.077	1.000	0.969
26.112	1.000	0.969
26.147	1.000	0.969
26.183	1.000	0.968
26.218	1.000	0.968
26.253	1.000	0.971
26.288	1.000	0.970
26.323	1.000	0.967
26.358	1.000	0.967
26.393	1.000	0.967
26.428	1.000	0.968
26.463	1.000	0.967
26.498	1.000	0.969
26.533	1.000	0.967
26.569	1.000	0.969
26.604	1.000	0.968
