0.000	0.000	0.000
0.036	0.000	0.000
0.071	0.000	0.000
0.106	0.000	0.000
0.141	0.000	0.000
0.177	0.000	0.000
0.212	0.000	0.000
0.248	0.000	0.000
0.283	0.000	0.000
0.319	0.000	0.000
0.354	0.000	0.000
0.389	0.000	0.000
0.424	0.000	0.000
0.460	0.000	0.000
0.495	0.000	0.000
0.530	0.000	0.000
0.565	0.000	0.000
0.600	0.000	0.000
0.636	0.000	0.000
0.671	0.000	0.000
0.706	0.000	0.000
0.741	0.000	0.000
0.777	0.000	0.000
0.812	0.000	0.000
0.847	0.000	0.000
0.882	0.000	0.000
0.917	0.000	0.000
0.952	0.000	0.000
0.987	0.000	0.000
1.022	0.000	0.000
1.057	0.000	0.000
1.092	0.000	0.000
1.127	0.000	0.000
1.162	0.000	0.000
1.197	0.000	0.000
1.233	0.000	0.000
1.268	0.000	0.000
1.304	0.000	0.000
1.339	0.000	0.000
1.374	0.000	0.000
1.409	0.000	0.000
1.444	0.000	0.000
1.479	0.000	0.000
1.516	0.000	0.000
1.551	0.000	0.000
1.587	0.000	0.000
1.622	0.000	0.000
1.657	0.000	0.000
1.692	0.000	0.000
1.727	0.000	0.000
1.762	0.000	0.000
1.797	0.000	0.000
1.833	0.000	0.000
1.868	0.000	0.000
1.903	0.000	0.000
1.939	0.000	0.000
1.974	0.000	0.000
2.009	0.000	0.000
2.045	0.000	0.000
2.080	0.000	0.000
2.115	0.000	0.000
2.150	0.000	0.000
2.187	0.000	0.000
2.222	0.000	0.000
2.258	0.000	0.000
2.293	0.000	0.000
2.329	0.000	0.000
2.364	0.000	0.000
2.399	0.000	0.000
2.434	0.000	0.000
2.469	0.000	0.000
2.504	0.000	0.000
2.539	0.000	0.000
2.574	0.000	0.000
2.609	0.000	0.000
2.644	0.000	0.000
2.679	0.000	0.000
2.714	0.000	0.000
2.749	0.000	0.000
2.784	0.000	0.000
2.819	0.000	0.000
2.854	0.000	0.000
2.889	0.000	0.000
2.924	0.000	0.000
2.959	0.000	0.000
2.995	0.000	0.000
3.031	0.000	0.000
3.066	0.000	0.000
3.101	0.000	0.000
3.137	0.000	0.000
3.172	0.000	0.000
3.207	0.000	0.000
3.242	0.000	0.000
3.277	0.000	0.000
3.312	0.000	0.000
3.347	0.000	0.000
3.382	0.000	0.000
3.417	0.000	0.000
3.453	0.000	0.000
3.488	0.000	0.000
3.523	0.000	0.000
3.559	0.000	0.000
3.594	0.000	0.000
3.629	0.000	0.000
3.664	0.000	0.000
3.699	0.000	0.000
3.735	0.000	0.000
3.770	0.000	0.000
3.805	0.000	0.000
3.840	0.000	0.000
3.875	0.000	0.000
3.910	0.000	0.000
3.945	0.000	0.000
3.980	0.000	0.000
4.015	0.000	0.000
4.050	0.000	0.000
4.085	0.000	0.000
4.121	0.000	0.000
4.156	0.000	0.000
4.191	0.000	0.000
4.226	0.000	0.000
4.261	0.000	0.000
4.296	0.000	0.000
4.331	0.000	0.000
4.366	0.000	0.000
4.402	0.000	0.000
4.437	0.000	0.000
4.472	0.000	0.000
4.507	0.000	0.000
4.542	0.000	0.000
4.577	0.000	0.000
4.612	0.000	0.000
4.647	0.000	0.000
4.682	0.000	0.000
4.717	0.000	0.000
4.752	0.000	0.000
4.787	0.000	0.000
4.822	0.000	0.000
4.857	0.000	0.000
4.892	0.000	0.000
4.927	0.000	0.000
4.962	0.000	0.000
4.997	0.000	0.000
5.032	0.000	0.000
5.067	0.000	0.000
5.103	0.000	0.000
5.138	0.000	0.000
5.173	0.000	0.000
5.208	0.000	0.000
5.243	0.000	0.000
5.279	0.000	0.000
5.314	0.000	0.000
5.349	0.000	0.000
5.384	0.000	0.000
5.419	0.000	0.000
5.454	0.000	0.000
5.489	0.000	0.000
5.524	0.000	0.000
5.560	0.000	0.000
5.596	0.000	0.000
5.631	0.000	0.000
5.666	0.000	0.000
5.701	0.000	0.000
5.736	0.000	0.000
5.771	0.000	0.000
5.807	0.000	0.000
5.842	0.000	0.000
5.877	0.000	0.000
5.912	0.000	0.000
5.947	0.000	0.000
5.983	0.000	0.000
6.018	0.000	0.000
6.053	0.000	0.000
6.088	0.000	0.000
6.123	0.000	0.000
6.158	0.000	0.000
6.193	0.000	0.000
6.228	0.000	0.000
6.263	0.000	0.000
6.298	0.000	0.000
6.333	0.000	0.000
6.368	0.000	0.000
6.403	0.000	0.000
6.438	0.000	0.000
6.473	0.000	0.000
6.509	0.000	0.000
6.545	0.000	0.000
6.580	0.000	0.000
6.615	0.000	0.000
6.651	0.000	0.000
6.686	0.000	0.000
6.722	0.000	0.000
6.757	0.000	0.000
6.792	0.000	0.000
6.827	0.000	0.000
6.862	0.000	0.000
6.897	0.000	0.000
6.932	0.000	0.000
6.967	0.000	0.000
7.002	0.000	0.000
7.039	0.000	0.000
7.074	0.000	0.000
7.109	0.000	0.000
7.144	0.000	0.000
7.179	0.000	0.000
7.214	0.000	0.000
7.250	0.000	0.000
7.285	0.000	0.000
7.320	0.000	0.000
7.356	0.000	0.000
7.391	0.000	0.000
7.427	0.000	0.000
7.462	0.000	0.000
7.497	0.000	0.000
7.532	0.000	0.000
7.567	0.000	0.000
7.603	0.000	0.000
7.638	0.000	0.000
7.673	0.000	0.000
7.708	0.000	0.000
7.743	0.000	0.000
7.778	0.000	0.000
7.813	0.000	0.000
7.848	0.000	0.000
7.883	0.000	0.000
7.918	0.000	0.000
7.953	0.000	0.000
7.989	0.000	0.000
8.026	0.000	0.000
8.061	0.000	0.000
8.097	0.000	0.000
8.133	0.000	0.000
8.168	0.000	0.000
8.203	0.000	0.000
8.238	0.000	0.000
8.273	0.000	0.000
8.308	0.000	0.000
8.343	0.000	0.000
8.379	0.000	0.000
8.414	0.000	0.000
8.449	0.000	0.000
8.484	0.000	0.000
8.519	0.000	0.000
8.554	0.000	0.000
8.589	0.000	0.000
8.624	0.000	0.000
8.659	0.000	0.000
8.694	0.000	0.000
8.730	0.000	0.000
8.765	0.000	0.000
8.800	0.000	0.000
8.835	0.000	0.000
8.870	0.000	0.000
8.905	0.000	0.000
8.941	0.000	0.000
8.977	0.000	0.000
9.012	0.000	0.000
9.047	0.000	0.000
9.082	0.000	0.000
9.117	0.000	0.000
9.152	0.000	0.000
9.187	0.000	0.000
9.223	0.000	0.000
9.258	0.000	0.000
9.293	0.000	0.000
9.329	0.000	0.000
9.364	0.000	0.000
9.399	0.000	0.000
9.434	0.000	0.000
9.469	0.000	0.000
9.505	0.000	0.000
9.540	0.000	0.000
9.575	0.000	0.000
9.610	0.000	0.000
9.645	0.000	0.000
9.681	0.000	0.000
9.716	0.000	0.000
9.751	0.000	0.000
9.786	0.000	0.000
9.822	0.000	0.000
9.857	0.000	0.000
9.892	0.000	0.000
9.927	0.000	0.000
9.962	0.000	0.000
9.997	0.000	0.000
10.033	0.000	0.000
10.068	0.000	0.000
10.103	0.000	0.000
10.138	0.000	0.000
10.174	0.000	0.000
10.209	0.000	0.000
10.244	0.000	0.000
10.279	0.000	0.000
10.314	0.000	0.000
10.349	0.000	0.000
10.384	0.000	0.000
10.419	0.000	0.000
10.455	0.000	0.000
10.491	0.000	0.000
10.527	0.000	0.000
10.562	0.000	0.000
10.598	0.000	0.000
10.633	0.000	0.000
10.668	0.000	0.000
10.703	0.000	0.000
10.738	0.000	0.000
10.773	0.000	0.000
10.808	0.000	0.000
15.888	0.000	0.000
15.923	0.000	0.000
15.958	0.000	0.000
15.994	0.000	0.000
16.029	0.000	0.000
16.064	0.000	0.000
16.099	0.000	0.000
16.135	0.000	0.000
16.171	0.000	0.000
16.206	0.000	0.000
16.241	0.000	0.000
16.276	0.000	0.000
16.312	0.000	0.000
16.347	0.000	0.000
16.382	0.000	0.000
16.418	0.000	0.000
16.453	0.000	0.000
16.488	0.000	0.000
16.524	0.000	0.000
16.559	0.000	0.000
16.594	0.000	0.000
16.630	0.000	0.000
16.665	0.000	0.000
16.700	0.000	0.000
16.735	0.000	0.000
16.770	0.000	0.000
16.805	0.000	0.000
16.840	0.000	0.000
16.876	0.000	0.000
16.911	0.000	0.000
16.946	0.000	0.000
16.981	0.000	0.000
17.016	0.000	0.000
17.052	0.000	0.000
17.087	0.000	0.000
17.122	0.000	0.000
17.157	0.000	0.000
17.192	0.000	0.000
17.227	0.000	0.000
17.262	0.000	0.000
17.297	0.000	0.000
17.332	0.000	0.000
17.367	0.000	0.000
17.403	0.000	0.000
17.438	0.000	0.000
17.473	0.000	0.000
17.508	0.000	0.000
17.543	0.000	0.000
17.578	0.000	0.000
17.613	0.000	0.000
17.648	0.000	0.000
17.683	0.000	0.000
17.718	0.000	0.000
17.753	0.000	0.000
17.788	0.000	0.000
17.823	0.000	0.000
17.858	0.000	0.000
17.893	0.000	0.000
17.929	0.000	0.000
17.964	0.000	0.000
17.999	0.000	0.000
18.034	0.000	0.000
18.069	0.000	0.000
18.104	0.000	0.000
18.139	0.000	0.000
18.174	0.000	0.000
18.209	0.000	0.000
18.245	0.000	0.000
18.281	0.000	0.000
18.317	0.000	0.000
18.352	0.000	0.000
18.387	0.000	0.000
18.422	0.000	0.000
18.457	0.000	0.000
18.492	0.000	0.000
18.527	0.000	0.000
18.562	0.000	0.000
18.597	0.000	0.000
18.632	0.000	0.000
18.667	0.000	0.000
18.702	0.000	0.000
18.737	0.000	0.000
18.772	0.000	0.000
18.808	0.000	0.000
18.844	0.000	0.000
18.879	0.000	0.000
18.914	0.000	0.000
18.949	0.000	0.000
18.984	1.000	0.000
19.019	1.000	0.000
19.054	1.000	0.050
19.089	1.000	0.145
19.125	1.000	0.245
19.160	1.000	0.334
19.195	1.000	0.418
19.231	1.000	0.485
19.267	1.000	0.546
19.302	1.000	0.602
19.337	1.000	0.646
19.372	1.000	0.686
19.407	1.000	0.719
19.442	1.000	0.749
19.477	1.000	0.774
19.512	1.000	0.796
19.547	1.000	0.814
19.582	1.000	0.833
19.617	1.000	0.851
19.652	1.000	0.864
19.687	1.000	0.873
19.722	1.000	0.885
19.758	1.000	0.894
19.795	1.000	0.904
19.830	1.000	0.909
19.865	1.000	0.919
19.902	1.000	0.921
19.937	1.000	0.926
19.972	1.000	0.934
20.007	1.000	0.937
20.042	1.000	0.942
20.077	1.000	0.941
20.112	1.000	0.948
20.147	1.000	0.947
20.183	1.000	0.952
20.219	1.000	0.955
20.254	1.000	0.952
20.289	1.000	0.956
20.324	1.000	0.957
20.359	1.000	0.957
20.396	1.000	0.959
20.431	1.000	0.960
20.466	1.000	0.964
20.501	1.000	0.965
20.536	1.000	0.966
20.571	1.000	0.966
20.606	1.000	0.963
20.641	1.000	0.966
20.676	1.000	0.966
20.711	1.000	0.967
20.746	1.000	0.965
20.781	1.000	0.969
20.816	1.000	0.967
20.851	1.000	0.969
20.886	1.000	0.967
20.921	1.000	0.970
20.957	1.000	0.967
20.992	1.000	0.970
21.027	1.000	0.971
21.062	1.000	0.972
21.097	1.000	0.969
21.132	1.000	0.972
21.167	1.000	0.972
21.202	1.000	0.972
21.238	1.000	0.972
21.273	1.000	0.968
21.309	1.000	0.969
21.344	1.000	0.972
21.379	1.000	0.973
21.414	1.000	0.971
21.449	1.000	0.972
21.484	1.000	0.972
21.519	1.000	0.969
21.555	1.000	0.971
21.590	1.000	0.972
21.625	1.000	0.969
21.660	1.000	0.971
21.695	1.000	0.969
21.730	1.000	0.970
21.765	1.000	0.969
21.800	1.000	0.970
21.835	1.000	0.970
21.870	1.000	0.971
21.905	1.000	0.972
21.940	1.000	0.972
21.975	1.000	0.973
22.011	1.000	0.971
22.047	1.000	0.969
22.082	1.000	0.969
22.118	1.000	0.970
22.153	1.000	0.972
22.188	1.000	0.969
22.223	1.000	0.971
22.258	1.000	0.971
22.293	1.000	0.972
22.328	1.000	0.973
22.363	1.000	0.973
22.398	1.000	0.969
22.433	1.000	0.972
22.468	1.000	0.970
22.503	1.000	0.973
22.538	1.000	0.969
22.574	1.000	0.972
22.609	1.000	0.969
22.644	1.000	0.969
22.679	1.000	0.971
22.714	1.000	0.971
22.750	1.000	0.971
22.785	1.000	0.973
22.820	1.000	0.971
22.855	1.000	0.971
22.890	1.000	0.969
22.926	1.000	0.970
22.961	1.000	0.967
22.996	1.000	0.967
23.031	1.000	0.970
23.066	1.000	0.968
23.101	1.000	0.970
23.136	1.000	0.973
23.171	1.000	0.970
23.206	1.000	0.971
23.241	1.000	0.972
23.276	1.000	0.973
23.311	1.000	0.972
23.346	1.000	0.964
23.381	1.000	0.940
23.416	1.000	0.915
23.451	1.000	0.899
23.487	1.000	0.883
23.522	1.000	0.875
23.557	1.000	0.870
23.592	1.000	0.867
23.627	1.000	0.866
23.662	1.000	0.867
23.698	1.000	0.871
23.733	1.000	0.877
23.768	1.000	0.881
23.804	1.000	0.886
23.840	1.000	0.889
23.876	1.000	0.896
23.913	1.000	0.899
23.948	1.000	0.904
23.985	1.000	0.911
24.020	1.000	0.914
24.055	1.000	0.921
24.090	1.000	0.922
24.125	1.000	0.928
24.161	1.000	0.929
24.197	1.000	0.935
24.232	1.000	0.937
24.268	1.000	0.937
24.303	1.000	0.940
24.339	1.000	0.942
24.374	1.000	0.943
24.409	1.000	0.947
24.444	1.000	0.949
24.479	1.000	0.949
24.514	1.000	0.952
24.550	1.000	0.955
24.585	1.000	0.956
24.620	1.000	0.953
24.655	1.000	0.955
24.691	1.000	0.958
24.726	1.000	0.956
24.761	1.000	0.961
24.796	1.000	0.961
24.831	1.000	0.958
24.866	1.000	0.959
24.901	1.000	0.959
24.936	1.000	0.961
24.972	1.000	0.963
25.007	1.000	0.961
25.043	1.000	0.965
25.078	1.000	0.965
25.113	1.000	0.961
25.148	1.000	0.963
25.184	1.000	0.962
25.219	1.000	0.965
25.254	1.000	0.964
25.289	1.000	0.965
25.324	1.000	0.961
25.359	1.000	0.962
25.395	1.000	0.965
25.431	1.000	0.962
25.466	1.000	0.962
25.502	1.000	0.964
25.538	1.000	0.963
25.573	1.000	0.966
25.608	1.000	0.967
25.644	1.000	0.966
25.679	1.000	0.963
25.714	1.000	0.966
25.749	1.000	0.965
25.784	1.000	0.963
25.819	1.000	0.964
25.854	1.000	0.965
25.889	1.000	0.966
25.924	1.000	0.966
25.959	1.000	0.963
25.994	1.000	0.966
26.029	1.000	0.967
26.064	1.000	0.965
26.099	1.000	0.968
26.134	1.000	0.968
26.170	1.000	0.967
26.205	1.000	0.967
26.241	1.000	0.968
26.277	1.000	0.964
26.312	1.000	0.965
26.347	1.000	0.967
26.382	1.000	0.966
26.417	1.000	0.965
26.453	1.000	0.963
26.488	1.000	0.964
26.523	1.000	0.965
26.558	1.000	0.965
26.593	1.000	0.967
26.628	1.000	0.963
26.663	1.000	0.966
26.699	1.000	0.967
26.734	1.000	0.967
26.769	1.000	0.967
26.804	1.000	0.966
26.839	1.000	0.967
26.874	1.000	0.965
26.909	1.000	0.967
26.944	1.000	0.965
26.979	1.000	0.966
27.014	1.000	0.965
27.049	1.000	0.965
27.085	1.000	0.966
27.121	1.000	0.964
27.156	1.000	0.967
27.191	1.000	0.967
27.226	1.000	0.967
27.261	1.000	0.967
27.296	1.000	0.964
27.332	1.000	0.966
27.367	1.000	0.968
27.403	1.000	0.964
27.438	1.000	0.965
27.473	1.000	0.964
27.509	1.000	0.967
27.544	1.000	0.963
27.579	1.000	0.966
27.614	1.000	0.965
27.649	1.000	0.966
27.684	1.000	0.962
27.720	1.000	0.963
27.755	1.000	0.965
27.790	1.000	0.965
27.825	1.000	0.963
27.860	1.000	0.962
27.896	1.000	0.964
27.931	1.000	0.964
27.966	1.000	0.965
28.002	1.000	0.967
28.037	1.000	0.964
28.072	1.000	0.968
28.107	1.000	0.968
28.142	1.000	0.965
28.178	1.000	0.968
28.213	1.000	0.964
28.248	1.000	0.965
28.283	1.000	0.969
28.319	1.000	0.967
28.354	1.000	0.968
28.390	1.000	0.969
28.425	1.000	0.964
28.460	1.000	0.964
28.495	1.000	0.966
28.530	1.000	0.966
28.565	1.000	0.966
28.600	1.000	0.966
28.635	1.000	0.964
28.670	1.000	0.966
28.706	1.000	0.965
28.741	1.000	0.967
28.776	1.000	0.963
28.811	1.000	0.966
28.846	1.000	0.963
28.881	1.000	0.966
28.916	1.000	0.965
28.951	1.000	0.966
28.986	1.000	0.966
29.021	1.000	0.965
29.056	1.000	0.966
29.092	1.000	0.965
29.127	1.000	0.962
29.162	1.000	0.964
29.197	1.000	0.965
29.232	1.000	0.966
29.267	1.000	0.965
29.303	1.000	0.966
29.339	1.000	0.963
29.375	1.000	0.966
29.410	1.000	0.964
29.445	1.000	0.964
29.480	1.000	0.967
29.515	1.000	0.967
29.550	1.000	0.963
29.585	1.000	0.966
29.620	1.000	0.966
29.655	1.000	0.963
29.690	1.000	0.966
29.725	1.000	0.966
29.760	1.000	0.966
29.795	1.000	0.963
29.830	1.000	0.966
29.865	1.000	0.965
29.900	1.000	0.962
29.935	1.000	0.964
29.971	1.000	0.964
30.006	1.000	0.963
30.041	1.000	0.964
30.076	1.000	0.966
30.111	1.000	0.967
30.146	1.000	0.967
30.181	1.000	0.968
30.218	1.000	0.966
30.254	1.000	0.965
30.290	1.000	0.965
30.325	1.000	0.969
30.360	1.000	0.968
30.395	1.000	0.969
30.430	1.000	0.967
30.465	1.000	0.965
30.500	1.000	0.964
30.535	1.000	0.965
30.571	1.000	0.965
30.606	1.000	0.966
30.641	1.000	0.965
