0.000	0.000	0.000
0.035	0.000	0.000
0.070	0.000	0.000
0.105	0.000	0.000
0.140	0.000	0.000
0.175	0.000	0.000
0.211	0.000	0.000
0.246	0.000	0.000
0.281	0.000	0.000
0.316	0.000	0.000
0.351	0.000	0.000
0.386	0.000	0.000
0.421	0.000	0.000
0.456	0.000	0.000
0.491	0.000	0.000
0.526	0.000	0.000
0.561	0.000	0.000
0.596	0.000	0.000
0.631	0.000	0.000
0.666	0.000	0.000
0.701	0.000	0.000
0.736	0.000	0.000
0.772	0.000	0.000
0.807	0.000	0.000
0.842	0.000	0.000
0.877	0.000	0.000
0.912	0.000	0.000
0.947	0.000	0.000
0.983	0.000	0.000
1.018	0.000	0.000
1.053	0.000	0.000
1.089	0.000	0.000
1.124	0.000	0.000
1.159	0.000	0.000
1.194	0.000	0.000
1.229	0.000	0.000
1.265	0.000	0.000
1.300	0.000	0.000
1.336	0.000	0.000
1.371	0.000	0.000
1.407	0.000	0.000
1.442	0.000	0.000
1.477	0.000	0.000
1.512	0.000	0.000
1.547	0.000	0.000
1.582	0.000	0.000
1.617	0.000	0.000
1.652	0.000	0.000
1.687	0.000	0.000
1.722	0.000	0.000
1.757	0.000	0.000
1.793	0.000	0.000
1.828	0.000	0.000
1.863	0.000	0.000
1.898	0.000	0.000
1.934	0.000	0.000
1.969	0.000	0.000
2.004	0.000	0.000
2.039	0.000	0.000
2.074	0.000	0.000
2.109	0.000	0.000
2.144	0.000	0.000
2.179	0.000	0.000
2.215	0.000	0.000
2.250	0.000	0.000
2.285	0.000	0.000
2.322	0.000	0.000
2.358	0.000	0.000
2.394	0.000	0.000
2.430	0.000	0.000
2.465	0.000	0.000
2.500	0.000	0.000
2.536	0.000	0.000
2.572	0.000	0.000
2.607	0.000	0.000
2.642	0.000	0.000
2.677	0.000	0.000
2.712	0.000	0.000
2.747	0.000	0.000
2.782	0.000	0.000
2.817	0.000	0.000
2.852	0.000	0.000
2.887	0.000	0.000
2.922	0.000	0.000
2.957	0.000	0.000
2.993	0.000	0.000
3.028	0.000	0.000
3.063	0.000	0.000
3.098	0.000	0.000
3.133	0.000	0.000
3.169	0.000	0.000
3.204	0.000	0.000
3.240	0.000	0.000
3.275	0.000	0.000
3.310	0.000	0.000
3.345	0.000	0.000
3.380	0.000	0.000
3.416	0.000	0.000
3.451	0.000	0.000
3.486	0.000	0.000
3.521	0.000	0.000
3.556	0.000	0.000
3.592	0.000	0.000
3.627	0.000	0.000
3.662	0.000	0.000
3.697	0.000	0.000
3.732	0.000	0.000
3.768	0.000	0.000
3.803	0.000	0.000
3.838	0.000	0.000
3.873	0.000	0.000
3.909	0.000	0.000
3.945	0.000	0.000
3.980	0.000	0.000
4.016	0.000	0.000
4.051	0.000	0.000
4.087	0.000	0.000
4.122	0.000	0.000
5.346	0.000	0.000
5.381	0.000	0.000
5.417	0.000	0.000
5.452	0.000	0.000
5.487	0.000	0.000
5.523	0.000	0.000
5.558	0.000	0.000
5.593	0.000	0.000
5.629	0.000	0.000
5.664	0.000	0.000
5.699	0.000	0.000
5.734	0.000	0.000
5.769	0.000	0.000
5.804	0.000	0.000
5.839	0.000	0.000
5.875	0.000	0.000
5.911	0.000	0.000
5.946	0.000	0.000
5.981	0.000	0.000
6.016	0.000	0.000
6.051	0.000	0.000
6.086	0.000	0.000
6.122	0.000	0.000
6.157	0.000	0.000
6.192	0.000	0.000
6.227	0.000	0.000
6.262	0.000	0.000
6.297	0.000	0.000
6.332	0.000	0.000
6.367	0.000	0.000
6.402	0.000	0.000
6.437	0.000	0.000
6.472	0.000	0.000
6.507	0.000	0.000
6.542	0.000	0.000
6.577	0.000	0.000
6.613	0.000	0.000
6.648	0.000	0.000
6.683	0.000	0.000
6.719	0.000	0.000
6.754	0.000	0.000
6.789	0.000	0.000
6.824	0.000	0.000
6.859	0.000	0.000
6.894	0.000	0.000
6.929	0.000	0.000
6.964	0.000	0.000
6.999	0.000	0.000
7.034	0.000	0.000
7.069	0.000	0.000
7.105	0.000	0.000
7.140	0.000	0.000
7.176	0.000	0.000
7.211	0.000	0.000
7.246	0.000	0.000
7.281	0.000	0.000
7.316	0.000	0.000
7.352	0.000	0.000
7.387	0.000	0.000
7.423	0.000	0.000
7.458	0.000	0.000
7.493	0.000	0.000
7.528	0.000	0.000
7.564	0.000	0.000
7.599	0.000	0.000
7.634	0.000	0.000
7.669	0.000	0.000
7.704	0.000	0.000
7.739	0.000	0.000
7.775	0.000	0.000
7.811	0.000	0.000
7.847	0.000	0.000
7.882	0.000	0.000
7.917	0.000	0.000
7.952	0.000	0.000
7.987	0.000	0.000
8.022	0.000	0.000
8.057	0.000	0.000
8.092	0.000	0.000
8.128	0.000	0.000
8.163	0.000	0.000
8.198	0.000	0.000
8.233	0.000	0.000
8.268	0.000	0.000
8.303	0.000	0.000
8.338	0.000	0.000
8.374	0.000	0.000
8.409	0.000	0.000
8.444	0.000	0.000
8.480	0.000	0.000
8.515	0.000	0.000
8.550	0.000	0.000
8.585	0.000	0.000
8.621	0.000	0.000
8.656	0.000	0.000
8.691	0.000	0.000
8.726	0.000	0.000
8.761	0.000	0.000
8.796	0.000	0.000
8.831	0.000	0.000
8.866	0.000	0.000
8.901	0.000	0.000
8.936	0.000	0.000
8.971	0.000	0.000
9.007	0.000	0.000
9.043	0.000	0.000
9.078	0.000	0.000
9.113	0.000	0.000
9.148	0.000	0.000
9.183	0.000	0.000
9.218	0.000	0.000
9.253	0.000	0.000
9.288	0.000	0.000
9.323	0.000	0.000
9.359	0.000	0.000
9.394	0.000	0.000
9.429	0.000	0.000
9.464	0.000	0.000
9.499	0.000	0.000
9.534	0.000	0.000
9.569	0.000	0.000
9.604	0.000	0.000
9.639	0.000	0.000
9.674	0.000	0.000
9.709	0.000	0.000
9.744	0.000	0.000
9.779	0.000	0.000
9.814	0.000	0.000
9.849	0.000	0.000
9.884	0.000	0.000
9.919	0.000	0.000
9.954	0.000	0.000
9.989	0.000	0.000
10.024	0.000	0.000
10.059	0.000	0.000
10.094	0.000	0.000
10.130	0.000	0.000
10.165	0.000	0.000
10.200	0.000	0.000
10.236	0.000	0.000
10.271	0.000	0.000
10.306	0.000	0.000
10.341	0.000	0.000
10.376	0.000	0.000
10.411	0.000	0.000
10.446	0.000	0.000
10.482	0.000	0.000
10.518	0.000	0.000
10.554	0.000	0.000
10.589	0.000	0.000
10.624	0.000	0.000
10.660	0.000	0.000
10.695	0.000	0.000
10.730	0.000	0.000
10.765	0.000	0.000
10.801	0.000	0.000
10.836	0.000	0.000
10.871	0.000	0.000
10.906	0.000	0.000
10.941	0.000	0.000
10.976	0.000	0.000
11.011	0.000	0.000
11.046	0.000	0.000
11.082	0.000	0.000
11.117	0.000	0.000
11.153	0.000	0.000
11.188	0.000	0.000
11.223	0.000	0.000
11.258	0.000	0.000
11.294	0.000	0.000
11.329	0.000	0.000
11.364	0.000	0.000
11.399	0.000	0.000
11.434	0.000	0.000
11.469	0.000	0.000
11.504	0.000	0.000
11.539	0.000	0.000
11.574	0.000	0.000
11.610	0.000	0.000
11.645	0.000	0.000
11.680	0.000	0.000
11.715	0.000	0.000
11.750	0.000	0.000
11.786	0.000	0.000
11.821	0.000	0.000
11.856	0.000	0.000
11.892	0.000	0.000
11.927	0.000	0.000
11.963	0.000	0.000
11.999	0.000	0.000
12.035	0.000	0.000
12.070	0.000	0.000
12.105	0.000	0.000
12.140	0.000	0.000
12.175	0.000	0.000
12.210	0.000	0.000
12.245	0.000	0.000
12.280	0.000	0.000
12.315	0.000	0.000
12.350	0.000	0.000
12.385	0.000	0.000
12.421	0.000	0.000
12.456	0.000	0.000
12.492	0.000	0.000
12.527	0.000	0.000
12.562	0.000	0.000
12.597	0.000	0.000
12.632	0.000	0.000
12.667	0.000	0.000
12.702	0.000	0.000
12.737	0.000	0.000
12.772	0.000	0.000
12.807	0.000	0.000
12.842	0.000	0.000
12.877	0.000	0.000
12.912	0.000	0.000
12.947	0.000	0.000
12.982	0.000	0.000
13.017	0.000	0.000
13.052	0.000	0.000
13.087	0.000	0.000
13.122	0.000	0.000
13.157	0.000	0.000
13.192	0.000	0.000
13.228	0.000	0.000
13.263	0.000	0.000
13.298	0.000	0.000
13.333	0.000	0.000
13.368	0.000	0.000
13.403	0.000	0.000
13.438	0.000	0.000
13.473	0.000	0.000
13.508	0.000	0.000
13.543	0.000	0.000
13.578	0.000	0.000
13.613	0.000	0.000
13.649	0.000	0.000
13.684	0.000	0.000
13.719	0.000	0.000
13.754	0.000	0.000
13.789	0.000	0.000
13.824	0.000	0.000
13.859	0.000	0.000
13.894	0.000	0.000
13.929	0.000	0.000
13.964	0.000	0.000
13.999	0.000	0.000
14.034	0.000	0.000
14.070	0.000	0.000
14.106	0.000	0.000
14.141	0.000	0.000
14.177	0.000	0.000
14.212	0.000	0.000
14.248	0.000	0.000
14.283	0.000	0.000
14.318	0.000	0.000
14.353	0.000	0.000
14.389	0.000	0.000
14.424	0.000	0.000
14.459	0.000	0.000
14.494	0.000	0.000
14.529	0.000	0.000
14.564	0.000	0.000
14.599	0.000	0.000
14.634	0.000	0.000
14.669	0.000	0.000
14.704	0.000	0.000
14.739	0.000	0.000
14.775	0.000	0.000
14.810	0.000	0.000
14.845	0.000	0.000
14.880	0.000	0.000
14.915	0.000	0.000
14.950	0.000	0.000
14.985	0.000	0.000
15.020	0.000	0.000
15.055	0.000	0.000
15.091	0.000	0.000
15.127	0.000	0.000
15.162	0.000	0.000
15.197	0.000	0.000
15.232	0.000	0.000
15.267	0.000	0.000
15.303	0.000	0.000
15.338	0.000	0.000
15.373	0.000	0.000
15.408	0.000	0.000
15.444	0.000	0.000
15.479	0.000	0.000
15.514	0.000	0.000
15.549	0.000	0.000
15.584	0.000	0.000
15.619	0.000	0.000
15.654	0.000	0.000
15.689	0.000	0.000
15.724	0.000	0.000
15.759	0.000	0.000
15.795	0.000	0.000
15.832	0.000	0.000
15.868	0.000	0.000
15.903	0.000	0.000
15.939	0.000	0.000
15.975	0.000	0.000
16.010	1.000	0.000
16.045	1.000	0.000
16.080	1.000	0.050
16.115	1.000	0.148
16.150	1.000	0.245
16.185	1.000	0.336
16.221	1.000	0.415
16.256	1.000	0.484
16.291	1.000	0.546
16.327	1.000	0.596
16.363	1.000	0.642
16.398	1.000	0.679
16.433	1.000	0.716
16.468	1.000	0.745
16.504	1.000	0.772
16.539	1.000	0.795
16.574	1.000	0.816
16.609	1.000	0.834
16.644	1.000	0.851
16.679	1.000	0.863
16.714	1.000	0.874
16.749	1.000	0.885
16.785	1.000	0.894
16.820	1.000	0.900
16.857	1.000	0.911
16.892	1.000	0.914
16.927	1.000	0.920
16.963	1.000	0.927
16.998	1.000	0.931
17.033	1.000	0.938
17.068	1.000	0.938
17.104	1.000	0.942
17.139	1.000	0.945
17.174	1.000	0.951
17.209	1.000	0.951
17.244	1.000	0.952
17.279	1.000	0.954
17.314	1.000	0.956
17.349	1.000	0.956
17.384	1.000	0.959
17.420	1.000	0.962
17.455	1.000	0.963
17.490	1.000	0.962
17.525	1.000	0.961
17.562	1.000	0.963
17.597	1.000	0.963
17.632	1.000	0.965
17.668	1.000	0.965
17.703	1.000	0.965
17.738	1.000	0.967
17.773	1.000	0.969
17.808	1.000	0.968
17.843	1.000	0.970
17.879	1.000	0.968
17.914	1.000	0.968
17.949	1.000	0.968
17.984	1.000	0.968
18.019	1.000	0.969
18.055	1.000	0.970
18.090	1.000	0.969
18.125	1.000	0.969
18.160	1.000	0.970
18.195	1.000	0.970
18.230	1.000	0.973
18.265	1.000	0.970
18.300	1.000	0.969
18.335	1.000	0.969
18.371	1.000	0.968
18.406	1.000	0.970
18.442	1.000	0.966
18.477	1.000	0.967
18.513	1.000	0.970
18.549	1.000	0.970
18.584	1.000	0.973
18.619	1.000	0.970
18.654	1.000	0.971
18.689	1.000	0.970
18.724	1.000	0.974
18.759	1.000	0.972
18.794	1.000	0.973
18.829	1.000	0.970
18.866	1.000	0.973
18.901	1.000	0.969
18.937	1.000	0.970
18.972	1.000	0.971
19.007	1.000	0.971
19.042	1.000	0.972
19.077	1.000	0.974
19.112	1.000	0.974
19.147	1.000	0.972
19.182	1.000	0.971
19.217	1.000	0.971
19.253	1.000	0.971
19.288	1.000	0.972
19.323	1.000	0.970
19.358	1.000	0.972
19.393	1.000	0.970
19.428	1.000	0.971
19.463	1.000	0.973
19.499	1.000	0.971
19.534	1.000	0.972
19.569	1.000	0.971
19.605	1.000	0.972
19.640	1.000	0.973
19.675	1.000	0.970
19.710	1.000	0.969
19.745	1.000	0.970
19.780	1.000	0.973
19.815	1.000	0.970
19.850	1.000	0.970
19.886	1.000	0.973
19.921	1.000	0.970
19.956	1.000	0.973
19.992	1.000	0.971
20.027	1.000	0.972
20.062	1.000	0.971
20.098	1.000	0.969
20.133	1.000	0.971
20.168	1.000	0.971
20.203	1.000	0.970
20.238	1.000	0.970
20.273	1.000	0.969
20.308	1.000	0.970
20.343	1.000	0.971
20.379	1.000	0.971
20.414	1.000	0.972
20.449	1.000	0.971
20.541	1.000	0.972
20.576	1.000	0.972
20.611	1.000	0.973
20.646	1.000	0.971
20.681	1.000	0.971
20.716	1.000	0.971
20.751	1.000	0.971
20.786	1.000	0.971
20.821	1.000	0.972
20.856	1.000	0.971
20.891	1.000	0.971
20.926	1.000	0.971
20.961	1.000	0.973
20.997	1.000	0.971
21.033	1.000	0.972
21.068	1.000	0.970
21.103	1.000	0.969
21.138	1.000	0.972
21.173	1.000	0.972
21.209	1.000	0.969
21.244	1.000	0.969
21.279	1.000	0.971
21.314	1.000	0.973
21.350	1.000	0.970
21.385	1.000	0.971
21.420	1.000	0.971
21.455	1.000	0.969
21.490	1.000	0.972
21.525	1.000	0.972
21.561	1.000	0.972
21.596	1.000	0.969
21.631	1.000	0.969
21.666	1.000	0.970
21.701	1.000	0.971
21.736	1.000	0.971
21.771	1.000	0.972
21.806	1.000	0.968
21.841	1.000	0.971
21.876	1.000	0.967
21.911	1.000	0.967
21.946	1.000	0.968
21.982	1.000	0.968
22.017	1.000	0.972
22.053	1.000	0.972
22.088	1.000	0.972
22.124	1.000	0.972
22.159	1.000	0.974
22.194	1.000	0.973
22.229	1.000	0.972
22.265	1.000	0.971
22.300	1.000	0.970
22.335	1.000	0.973
22.371	1.000	0.973
22.407	1.000	0.972
22.442	1.000	0.969
22.478	1.000	0.970
22.513	1.000	0.970
22.548	1.000	0.970
22.583	1.000	0.971
22.618	1.000	0.972
22.653	1.000	0.974
22.688	1.000	0.973
22.723	1.000	0.973
22.758	1.000	0.971
22.793	1.000	0.973
22.828	1.000	0.970
22.863	1.000	0.972
22.898	1.000	0.972
22.933	1.000	0.970
22.968	1.000	0.969
23.003	1.000	0.969
23.038	1.000	0.971
23.074	1.000	0.971
23.109	1.000	0.970
23.144	1.000	0.974
23.179	1.000	0.970
23.214	1.000	0.970
23.249	1.000	0.970
23.284	1.000	0.972
23.319	1.000	0.972
23.354	1.000	0.971
23.389	1.000	0.971
23.424	1.000	0.971
23.459	1.000	0.971
23.495	1.000	0.973
23.530	1.000	0.971
23.565	1.000	0.972
23.600	1.000	0.972
23.635	1.000	0.973
23.671	1.000	0.975
23.706	1.000	0.975
23.743	1.000	0.971
23.778	1.000	0.969
23.813	1.000	0.972
23.848	1.000	0.972
23.883	1.000	0.970
23.918	1.000	0.969
23.953	1.000	0.970
23.988	1.000	0.971
24.023	1.000	0.973
24.059	1.000	0.971
24.094	1.000	0.969
24.129	1.000	0.970
24.165	1.000	0.971
24.200	1.000	0.969
24.235	1.000	0.970
24.270	1.000	0.971
24.305	1.000	0.972
24.341	1.000	0.971
24.376	1.000	0.973
24.411	1.000	0.972
24.447	1.000	0.970
24.482	1.000	0.969
24.517	1.000	0.974
24.553	1.000	0.969
24.588	1.000	0.970
24.624	1.000	0.971
24.659	1.000	0.972
24.694	1.000	0.971
24.729	1.000	0.972
24.764	1.000	0.972
24.799	1.000	0.973
24.834	1.000	0.973
24.870	1.000	0.971
24.905	1.000	0.972
24.940	1.000	0.971
24.975	1.000	0.970
25.010	1.000	0.971
25.045	1.000	0.971
25.080	1.000	0.973
25.115	1.000	0.973
25.150	1.000	0.973
25.186	1.000	0.971
25.221	1.000	0.968
25.256	1.000	0.972
25.291	1.000	0.971
25.327	1.000	0.969
25.362	1.000	0.970
25.397	1.000	0.968
25.432	1.000	0.968
25.467	1.000	0.970
25.503	1.000	0.973
25.539	1.000	0.970
25.574	1.000	0.973
25.610	1.000	0.974
25.645	1.000	0.971
25.681	1.000	0.970
25.716	1.000	0.972
25.751	1.000	0.972
25.786	1.000	0.970
25.821	1.000	0.971
25.856	1.000	0.970
25.892	1.000	0.972
25.928	1.000	0.970
25.963	1.000	0.970
25.998	1.000	0.971
26.033	1.000	0.973
26.069	1.000	0.974
26.104	1.000	0.970
26.139	1.000	0.972
26.174	1.000	0.971
26.209	1.000	0.972
26.244	1.000	0.973
26.279	1.000	0.970
26.314	1.000	0.971
26.350	1.000	0.971
26.385	1.000	0.973
26.421	1.000	0.970
26.456	1.000	0.971
26.491	1.000	0.971
26.526	1.000	0.969
26.561	1.000	0.969
26.596	1.000	0.972
26.631	1.000	0.968
26.667	1.000	0.970
26.703	1.000	0.972
26.738	1.000	0.970
26.773	1.000	0.972
26.808	1.000	0.969
26.844	1.000	0.973
26.879	1.000	0.969
26.914	1.000	0.971
26.949	1.000	0.969
26.984	1.000	0.972
27.019	1.000	0.972
27.054	1.000	0.972
27.089	1.000	0.970
27.124	1.000	0.971
27.159	1.000	0.970
27.194	1.000	0.970
27.229	1.000	0.966
27.264	1.000	0.968
27.299	1.000	0.967
27.334	1.000	0.970
27.370	1.000	0.970
27.405	1.000	0.971
27.440	1.000	0.973
27.475	1.000	0.971
27.510	1.000	0.972
27.546	1.000	0.972
27.581	1.000	0.971
27.616	1.000	0.972
27.653	1.000	0.973
27.688	1.000	0.970
27.724	1.000	0.972
27.759	1.000	0.970
27.794	1.000	0.975
27.829	1.000	0.971
27.865	1.000	0.975
27.900	1.000	0.974
27.935	1.000	0.971
27.970	1.000	0.970
28.005	1.000	0.973
28.040	1.000	0.969
28.075	1.000	0.969
28.110	1.000	0.972
28.145	1.000	0.970
28.180	1.000	0.970
28.215	1.000	0.971
28.250	1.000	0.973
28.285	1.000	0.970
28.320	1.000	0.971
28.355	1.000	0.971
28.390	1.000	0.971
28.425	1.000	0.971
28.460	1.000	0.968
28.495	1.000	0.972
28.530	1.000	0.970
28.565	1.000	0.970
28.601	1.000	0.971
28.636	1.000	0.969
28.671	1.000	0.972
28.706	1.000	0.971
28.741	1.000	0.970
28.776	1.000	0.972
28.812	1.000	0.971
28.848	1.000	0.971
28.883	1.000	0.972
28.918	1.000	0.973
28.953	1.000	0.973
28.988	1.000	0.972
29.023	1.000	0.975
29.058	1.000	0.973
29.093	1.000	0.973
29.128	1.000	0.974
29.163	1.000	0.971
29.198	1.000	0.972
29.233	1.000	0.972
