0.000	0.000	0.000
0.035	0.000	0.000
0.070	0.000	0.000
0.105	0.000	0.000
0.140	0.000	0.000
0.175	0.000	0.000
0.210	0.000	0.000
0.245	0.000	0.000
0.280	0.000	0.000
0.315	0.000	0.000
0.350	0.000	0.000
0.385	0.000	0.000
0.420	0.000	0.000
0.455	0.000	0.000
0.491	0.000	0.000
0.526	0.000	0.000
0.561	0.000	0.000
0.596	0.000	0.000
0.631	0.000	0.000
0.666	0.000	0.000
0.701	0.000	0.000
0.736	0.000	0.000
0.771	0.000	0.000
0.809	0.000	0.000
0.844	0.000	0.000
2.050	0.000	0.000
2.085	0.000	0.000
2.120	0.000	0.000
2.155	0.000	0.000
2.191	0.000	0.000
2.226	0.000	0.000
2.261	0.000	0.000
2.296	0.000	0.000
2.332	0.000	0.000
2.367	0.000	0.000
2.402	0.000	0.000
2.437	0.000	0.000
2.472	0.000	0.000
2.507	0.000	0.000
2.542	0.000	0.000
2.578	0.000	0.000
2.613	0.000	0.000
2.648	0.000	0.000
2.683	0.000	0.000
2.718	0.000	0.000
2.753	0.000	0.000
2.788	0.000	0.000
2.824	0.000	0.000
2.860	0.000	0.000
2.895	0.000	0.000
2.931	0.000	0.000
2.966	0.000	0.000
3.001	0.000	0.000
3.036	0.000	0.000
3.071	0.000	0.000
3.106	0.000	0.000
3.141	0.000	0.000
3.176	0.000	0.000
3.211	0.000	0.000
3.246	0.000	0.000
3.281	0.000	0.000
3.316	0.000	0.000
3.351	0.000	0.000
3.386	0.000	0.000
3.421	0.000	0.000
3.456	0.000	0.000
3.491	0.000	0.000
3.527	0.000	0.000
3.562	0.000	0.000
3.597	0.000	0.000
3.633	0.000	0.000
3.668	0.000	0.000
3.703	0.000	0.000
3.738	0.000	0.000
3.773	0.000	0.000
3.808	0.000	0.000
3.843	0.000	0.000
3.878	0.000	0.000
3.913	0.000	0.000
3.948	0.000	0.000
3.983	0.000	0.000
4.018	0.000	0.000
4.053	0.000	0.000
4.088	0.000	0.000
4.123	0.000	0.000
4.159	0.000	0.000
4.194	0.000	0.000
4.229	0.000	0.000
4.264	0.000	0.000
4.299	0.000	0.000
4.334	0.000	0.000
4.369	0.000	0.000
4.404	0.000	0.000
4.439	0.000	0.000
4.474	0.000	0.000
4.509	0.000	0.000
4.544	0.000	0.000
4.579	0.000	0.000
4.614	0.000	0.000
4.649	0.000	0.000
4.684	0.000	0.000
4.719	0.000	0.000
4.754	0.000	0.000
4.789	0.000	0.000
4.825	0.000	0.000
4.861	0.000	0.000
4.896	0.000	0.000
4.931	0.000	0.000
4.967	0.000	0.000
5.003	-1.000	0.000
5.038	-1.000	0.000
5.073	-1.000	-0.041
5.108	-1.000	-0.126
5.143	-1.000	-0.214
5.178	-1.000	-0.296
5.213	-1.000	-0.373
5.249	-1.000	-0.443
5.284	-1.000	-0.504
5.319	-1.000	-0.556
5.354	-1.000	-0.604
5.389	-1.000	-0.645
5.425	-1.000	-0.683
5.460	-1.000	-0.716
5.495	-1.000	-0.745
5.530	-1.000	-0.768
5.565	-1.000	-0.791
5.600	-1.000	-0.812
5.635	-1.000	-0.831
5.670	-1.000	-0.848
5.705	-1.000	-0.863
5.740	-1.000	-0.879
5.775	-1.000	-0.890
5.810	-1.000	-0.898
5.845	-1.000	-0.909
5.881	-1.000	-0.917
5.916	-1.000	-0.928
5.951	-1.000	-0.932
5.986	-1.000	-0.940
6.021	-1.000	-0.946
6.056	-1.000	-0.951
6.091	-1.000	-0.952
6.126	-1.000	-0.958
6.161	-1.000	-0.961
6.196	-1.000	-0.966
6.231	-1.000	-0.970
6.266	-1.000	-0.972
6.301	-1.000	-0.975
6.336	-1.000	-0.977
6.371	-1.000	-0.977
6.406	-1.000	-0.980
6.441	-1.000	-0.980
6.476	-1.000	-0.983
6.513	-1.000	-0.985
6.548	-1.000	-0.986
6.583	-1.000	-0.988
6.619	-1.000	-0.990
6.654	-1.000	-0.989
6.689	-1.000	-0.991
6.724	-1.000	-0.991
6.759	-1.000	-0.991
6.794	-1.000	-0.992
6.829	-1.000	-0.993
6.864	-1.000	-0.995
6.899	-1.000	-0.997
6.934	-1.000	-0.996
6.969	-1.000	-0.996
7.004	-1.000	-0.997
7.039	-1.000	-0.997
7.075	-1.000	-0.996
7.111	-1.000	-0.999
7.147	-1.000	-0.996
7.183	-1.000	-0.996
7.218	-1.000	-1.001
7.253	-1.000	-0.999
7.288	-1.000	-0.997
7.323	-1.000	-0.998
7.359	-1.000	-1.000
7.394	-1.000	-1.001
7.430	-1.000	-0.998
7.465	-1.000	-0.998
7.500	-1.000	-0.999
7.536	-1.000	-1.000
7.571	-1.000	-0.998
7.607	-1.000	-1.001
7.642	-1.000	-0.999
7.677	-1.000	-0.998
7.712	-1.000	-1.001
7.747	-1.000	-1.000
7.782	-1.000	-0.999
7.817	-1.000	-0.999
7.852	-1.000	-0.999
7.887	-1.000	-1.001
7.922	-1.000	-1.002
7.957	-1.000	-0.999
7.993	-1.000	-0.999
8.029	-1.000	-1.002
8.064	-1.000	-1.001
8.100	-1.000	-0.997
8.136	-1.000	-0.998
8.171	-1.000	-0.999
8.206	-1.000	-0.999
8.241	-1.000	-0.998
8.277	-1.000	-0.998
8.312	-1.000	-1.006
8.347	-1.000	-1.020
8.382	-1.000	-1.032
8.417	-1.000	-1.040
8.452	-1.000	-1.048
8.487	-1.000	-1.050
8.522	-1.000	-1.053
8.557	-1.000	-1.054
8.592	-1.000	-1.054
8.628	-1.000	-1.054
8.664	-1.000	-1.052
8.699	-1.000	-1.052
8.734	-1.000	-1.052
8.769	-1.000	-1.045
8.804	-1.000	-1.045
8.839	-1.000	-1.041
8.874	-1.000	-1.037
8.909	-1.000	-1.035
8.944	-1.000	-1.033
8.979	-1.000	-1.032
9.015	-1.000	-1.029
9.050	-1.000	-1.028
9.085	-1.000	-1.024
9.120	-1.000	-1.021
9.155	-1.000	-1.021
9.191	-1.000	-1.017
9.226	-1.000	-1.015
9.261	-1.000	-1.014
9.298	-1.000	-1.015
9.333	-1.000	-1.012
9.368	-1.000	-1.015
9.404	-1.000	-1.010
9.439	-1.000	-1.009
9.474	-1.000	-1.009
9.509	-1.000	-1.011
9.545	-1.000	-1.010
9.580	-1.000	-1.006
9.616	-1.000	-1.006
9.651	-1.000	-1.006
9.686	-1.000	-1.007
9.721	-1.000	-1.004
9.756	-1.000	-1.006
9.791	-1.000	-1.003
9.826	-1.000	-1.003
9.861	-1.000	-1.003
9.896	-1.000	-1.004
9.931	-1.000	-1.004
9.967	-1.000	-1.003
10.002	-1.000	-1.002
10.038	-1.000	-1.001
10.073	-1.000	-1.000
10.108	-1.000	-1.001
10.143	-1.000	-0.998
10.178	-1.000	-1.000
10.213	-1.000	-0.998
10.248	-1.000	-1.002
10.283	-1.000	-1.002
10.318	-1.000	-1.001
10.353	-1.000	-0.999
10.388	-1.000	-1.003
10.424	-1.000	-1.000
10.459	-1.000	-1.002
10.494	-1.000	-0.999
10.529	-1.000	-1.000
10.564	-1.000	-1.003
10.599	-1.000	-1.000
10.634	-1.000	-1.001
10.669	-1.000	-1.003
10.705	-1.000	-1.003
10.740	-1.000	-0.999
10.775	-1.000	-1.001
10.810	-1.000	-0.999
10.846	-1.000	-0.999
10.881	-1.000	-0.999
10.917	-1.000	-0.999
10.952	-1.000	-1.001
10.987	-1.000	-1.000
11.022	-1.000	-1.002
11.057	-1.000	-1.000
11.092	-1.000	-1.002
11.127	-1.000	-0.999
11.162	-1.000	-0.999
11.198	-1.000	-1.000
11.233	-1.000	-1.001
11.268	-1.000	-0.998
11.303	-1.000	-0.998
11.338	-1.000	-1.000
11.373	-1.000	-0.999
11.408	-1.000	-1.000
11.443	-1.000	-1.002
11.478	-1.000	-0.999
11.513	-1.000	-0.999
11.548	-1.000	-1.001
11.583	-1.000	-1.001
11.618	-1.000	-1.000
11.653	-1.000	-1.001
11.688	-1.000	-0.999
11.723	-1.000	-1.003
11.758	-1.000	-1.001
11.793	-1.000	-1.001
11.828	-1.000	-1.001
11.863	-1.000	-1.001
11.898	-1.000	-0.999
11.933	-1.000	-1.001
11.968	-1.000	-1.001
12.003	-1.000	-1.000
12.038	-1.000	-1.000
12.073	-1.000	-1.001
12.108	-1.000	-1.001
12.143	-1.000	-0.998
12.178	-1.000	-0.998
12.213	-1.000	-0.999
12.248	-1.000	-1.000
12.283	-1.000	-0.999
12.318	-1.000	-0.999
12.353	-1.000	-1.001
12.388	-1.000	-0.998
12.423	-1.000	-0.998
12.458	-1.000	-0.998
12.493	-1.000	-1.000
12.528	-1.000	-1.001
12.563	-1.000	-1.001
12.599	-1.000	-0.999
12.634	-1.000	-1.000
12.669	-1.000	-1.000
12.704	-1.000	-1.000
12.739	-1.000	-1.000
12.774	-1.000	-1.000
12.809	-1.000	-1.000
12.846	-1.000	-0.999
12.881	-1.000	-0.999
12.917	-1.000	-1.002
12.952	-1.000	-1.000
12.987	-1.000	-1.002
13.022	-1.000	-1.003
13.058	-1.000	-1.003
13.093	-1.000	-0.999
13.129	-1.000	-1.002
13.164	-1.000	-0.998
13.199	-1.000	-0.999
13.235	-1.000	-1.001
13.271	-1.000	-0.998
13.306	-1.000	-0.997
13.341	-1.000	-0.999
13.376	-1.000	-1.000
