0.000	0.000	0.000
0.077	0.000	0.000
0.112	0.000	0.000
0.147	0.000	0.000
0.182	0.000	0.000
0.217	0.000	0.000
0.252	0.000	0.000
0.287	0.000	0.000
0.323	0.000	0.000
0.358	0.000	0.000
0.393	0.000	0.000
0.428	0.000	0.000
0.464	0.000	0.000
0.499	0.000	0.000
0.535	0.000	0.000
0.570	0.000	0.000
0.605	0.000	0.000
0.640	0.000	0.000
0.675	0.000	0.000
0.710	0.000	0.000
0.745	0.000	0.000
0.780	0.000	0.000
0.815	0.000	0.000
3.376	0.000	0.000
3.411	0.000	0.000
3.446	0.000	0.000
3.481	0.000	0.000
3.516	0.000	0.000
3.551	0.000	0.000
3.586	0.000	0.000
3.621	0.000	0.000
3.656	0.000	0.000
3.691	0.000	0.000
3.726	0.000	0.000
3.762	0.000	0.000
3.798	0.000	0.000
3.833	0.000	0.000
3.868	0.000	0.000
3.904	0.000	0.000
3.939	0.000	0.000
3.974	0.000	0.000
4.011	0.000	0.000
4.047	0.000	0.000
4.082	0.000	0.000
4.117	0.000	0.000
4.152	0.000	0.000
4.187	0.000	0.000
4.222	0.000	0.000
4.257	0.000	0.000
4.292	0.000	0.000
4.327	0.000	0.000
4.362	0.000	0.000
4.397	0.000	0.000
4.432	0.000	0.000
4.467	0.000	0.000
4.502	0.000	0.000
4.537	0.000	0.000
4.572	0.000	0.000
4.608	0.000	0.000
4.644	0.000	0.000
4.679	0.000	0.000
4.715	0.000	0.000
4.750	0.000	0.000
4.786	0.000	0.000
4.821	0.000	0.000
4.856	0.000	0.000
4.891	0.000	0.000
4.926	0.000	0.000
4.961	0.000	0.000
4.996	0.000	0.000
5.032	0.000	0.000
5.067	0.000	0.000
5.102	0.000	0.000
5.137	0.000	0.000
5.172	0.000	0.000
5.207	0.000	0.000
5.242	0.000	0.000
5.277	0.000	0.000
5.313	0.000	0.000
5.349	0.000	0.000
5.384	0.000	0.000
5.419	0.000	0.000
5.454	0.000	0.000
5.490	0.000	0.000
5.525	0.000	0.000
5.560	0.000	0.000
5.596	0.000	0.000
5.631	0.000	0.000
5.666	0.000	0.000
5.701	0.000	0.000
5.737	0.000	0.000
5.772	0.000	0.000
5.807	0.000	0.000
5.843	0.000	0.000
5.878	0.000	0.000
5.914	0.000	0.000
5.949	0.000	0.000
5.985	0.000	0.000
6.021	0.000	0.000
6.056	0.000	0.000
6.092	0.000	0.000
6.127	0.000	0.000
6.162	0.000	0.000
6.197	0.000	0.000
6.232	0.000	0.000
6.267	0.000	0.000
6.302	0.000	0.000
6.337	0.000	0.000
6.373	0.000	0.000
6.408	0.000	0.000
6.443	0.000	0.000
6.478	0.000	0.000
6.513	0.000	0.000
6.548	0.000	0.000
6.584	0.000	0.000
6.619	0.000	0.000
6.655	0.000	0.000
6.690	0.000	0.000
6.725	0.000	0.000
6.761	0.000	0.000
6.796	0.000	0.000
6.832	0.000	0.000
6.867	0.000	0.000
6.902	0.000	0.000
6.938	0.000	0.000
6.973	0.000	0.000
7.008	0.000	0.000
7.043	0.000	0.000
7.078	0.000	0.000
7.113	0.000	0.000
7.148	0.000	0.000
7.184	0.000	0.000
7.219	0.000	0.000
7.255	0.000	0.000
7.291	0.000	0.000
7.326	0.000	0.000
7.362	0.000	0.000
7.397	0.000	0.000
7.432	0.000	0.000
7.467	0.000	0.000
7.502	0.000	0.000
7.537	0.000	0.000
7.572	0.000	0.000
7.607	0.000	0.000
7.642	0.000	0.000
7.678	0.000	0.000
7.713	0.000	0.000
7.748	0.000	0.000
7.783	1.000	0.000
7.818	1.000	0.000
7.853	1.000	0.042
7.888	1.000	0.124
7.923	1.000	0.213
7.958	1.000	0.295
7.993	1.000	0.373
8.028	1.000	0.441
8.063	1.000	0.501
8.098	1.000	0.553
8.134	1.000	0.601
8.169	1.000	0.641
8.205	1.000	0.679
8.240	1.000	0.712
8.275	1.000	0.745
8.310	1.000	0.770
8.345	1.000	0.794
8.381	1.000	0.815
8.416	1.000	0.830
8.452	1.000	0.848
8.487	1.000	0.864
8.522	1.000	0.877
8.557	1.000	0.889
8.592	1.000	0.901
8.627	1.000	0.907
8.662	1.000	0.918
8.697	1.000	0.923
8.732	1.000	0.934
8.767	1.000	0.939
8.802	1.000	0.942
8.838	1.000	0.950
8.875	1.000	0.956
8.911	1.000	0.956
8.946	1.000	0.964
8.981	1.000	0.964
9.016	1.000	0.967
9.051	1.000	0.972
9.086	1.000	0.973
9.121	1.000	0.978
9.156	1.000	0.981
9.191	1.000	0.981
9.226	1.000	0.986
9.261	1.000	0.986
9.297	1.000	0.985
9.333	1.000	0.986
9.369	1.000	0.987
9.406	1.000	0.993
9.441	1.000	0.990
9.476	1.000	0.991
9.511	1.000	0.995
9.546	1.000	0.996
9.581	1.000	0.993
9.617	1.000	0.998
9.652	1.000	0.994
9.688	1.000	0.998
9.723	1.000	0.998
9.758	1.000	0.996
9.794	1.000	0.998
9.829	1.000	0.995
9.864	1.000	0.997
9.899	1.000	0.999
9.934	1.000	0.999
9.969	1.000	0.997
10.005	1.000	0.996
10.040	1.000	0.996
10.075	1.000	0.997
10.110	1.000	0.998
10.146	1.000	1.000
10.182	1.000	0.997
10.217	1.000	0.996
10.252	1.000	0.997
10.288	1.000	1.001
10.323	1.000	1.001
10.358	1.000	1.000
10.394	1.000	1.000
10.429	1.000	0.997
10.464	1.000	1.001
10.500	1.000	1.002
10.535	1.000	0.998
10.570	1.000	1.002
10.606	1.000	1.001
10.642	1.000	0.998
10.677	1.000	1.000
10.712	1.000	1.000
10.747	1.000	1.001
10.782	1.000	0.999
10.817	1.000	0.999
10.852	1.000	1.000
10.887	1.000	1.000
10.922	1.000	0.998
10.957	1.000	1.000
10.993	1.000	0.998
11.028	1.000	0.997
11.063	1.000	0.999
11.098	1.000	0.998
11.134	1.000	0.998
11.169	1.000	0.998
11.204	1.000	0.999
11.239	1.000	0.999
11.274	1.000	0.998
11.309	1.000	0.999
11.344	1.000	1.000
11.379	1.000	1.001
11.414	1.000	1.001
11.449	1.000	1.001
11.484	1.000	1.002
11.519	1.000	0.998
11.554	1.000	0.999
11.589	1.000	1.000
11.625	1.000	1.001
11.661	1.000	0.998
11.696	1.000	1.002
11.731	1.000	1.001
11.766	1.000	1.001
11.801	1.000	1.000
11.836	1.000	1.000
11.872	1.000	1.000
11.907	1.000	1.002
11.942	1.000	1.001
11.977	1.000	1.001
12.012	1.000	0.998
12.047	1.000	1.000
12.082	1.000	1.000
12.117	1.000	1.001
12.152	1.000	0.999
12.187	1.000	1.000
12.222	1.000	0.997
12.257	1.000	1.000
12.292	1.000	1.000
12.327	1.000	0.998
12.362	1.000	1.001
12.397	1.000	1.002
12.432	1.000	1.000
12.468	1.000	1.001
12.503	1.000	1.001
12.538	1.000	1.002
12.573	1.000	0.998
12.608	1.000	1.000
12.643	1.000	1.000
12.678	1.000	1.001
12.714	1.000	0.999
12.749	1.000	0.998
12.785	1.000	0.998
12.820	1.000	0.999
12.856	1.000	1.003
12.892	1.000	0.999
12.927	1.000	0.999
12.962	1.000	1.003
13.224	1.000	1.002
13.259	1.000	1.001
13.294	1.000	1.002
13.329	1.000	1.000
13.365	1.000	1.001
13.401	1.000	0.998
13.436	1.000	0.998
13.471	1.000	0.999
13.506	1.000	1.000
13.542	1.000	0.998
13.577	1.000	1.001
13.612	1.000	1.001
13.647	1.000	0.999
13.682	1.000	0.999
13.717	1.000	1.000
13.752	1.000	0.999
13.787	1.000	1.001
13.822	1.000	0.998
13.857	1.000	1.000
13.892	1.000	1.001
13.927	1.000	1.001
13.962	1.000	1.000
13.997	1.000	1.001
14.032	1.000	0.998
14.068	1.000	1.000
14.103	1.000	1.001
14.138	1.000	0.998
14.173	1.000	0.998
14.208	1.000	0.997
14.243	1.000	0.999
14.278	1.000	0.999
14.313	1.000	0.999
14.348	1.000	0.998
14.383	1.000	1.000
14.418	1.000	1.002
14.453	1.000	1.002
14.488	1.000	1.002
14.523	1.000	1.001
14.558	1.000	1.001
14.594	1.000	1.001
14.629	1.000	1.002
14.665	1.000	0.998
14.701	1.000	0.998
14.736	1.000	0.998
14.771	1.000	0.999
14.806	1.000	1.001
14.842	1.000	0.999
14.877	1.000	1.000
14.912	1.000	1.001
