0.000	0.000	0.000
0.035	0.000	0.000
0.070	0.000	0.000
0.105	0.000	0.000
0.140	0.000	0.000
0.176	0.000	0.000
0.211	0.000	0.000
0.246	0.000	0.000
0.281	0.000	0.000
0.316	0.000	0.000
0.352	0.000	0.000
0.387	0.000	0.000
0.422	0.000	0.000
0.457	0.000	0.000
0.492	0.000	0.000
0.527	0.000	0.000
0.562	0.000	0.000
0.620	0.000	0.000
0.655	0.000	0.000
0.690	0.000	0.000
0.726	0.000	0.000
0.762	0.000	0.000
0.797	0.000	0.000
0.833	0.000	0.000
0.868	0.000	0.000
0.903	0.000	0.000
0.938	0.000	0.000
0.974	0.000	0.000
1.009	0.000	0.000
1.044	0.000	0.000
1.079	0.000	0.000
1.114	0.000	0.000
1.149	0.000	0.000
1.185	0.000	0.000
1.220	0.000	0.000
1.255	0.000	0.000
1.290	0.000	0.000
1.325	0.000	0.000
1.360	0.000	0.000
1.396	0.000	0.000
1.431	0.000	0.000
1.466	0.000	0.000
1.501	0.000	0.000
1.536	0.000	0.000
1.571	0.000	0.000
1.606	0.000	0.000
1.641	0.000	0.000
1.676	0.000	0.000
1.711	0.000	0.000
1.746	0.000	0.000
1.781	0.000	0.000
1.816	0.000	0.000
1.851	0.000	0.000
1.886	0.000	0.000
1.922	0.000	0.000
1.957	0.000	0.000
1.992	0.000	0.000
2.027	0.000	0.000
2.063	0.000	0.000
3.224	0.000	0.000
3.259	0.000	0.000
3.294	0.000	0.000
3.329	0.000	0.000
3.364	0.000	0.000
3.399	0.000	0.000
3.434	0.000	0.000
3.469	0.000	0.000
3.504	0.000	0.000
3.539	0.000	0.000
3.576	0.000	0.000
3.611	0.000	0.000
3.646	0.000	0.000
3.682	0.000	0.000
3.717	0.000	0.000
3.753	0.000	0.000
3.788	0.000	0.000
3.824	0.000	0.000
3.860	0.000	0.000
3.895	0.000	0.000
3.930	0.000	0.000
3.965	0.000	0.000
4.001	0.000	0.000
4.036	0.000	0.000
4.072	0.000	0.000
4.107	0.000	0.000
4.142	0.000	0.000
4.178	0.000	0.000
4.213	0.000	0.000
4.248	0.000	0.000
4.283	0.000	0.000
4.318	0.000	0.000
4.354	0.000	0.000
4.389	0.000	0.000
4.424	0.000	0.000
4.461	0.000	0.000
4.497	0.000	0.000
4.532	0.000	0.000
4.568	0.000	0.000
4.603	0.000	0.000
4.638	0.000	0.000
4.673	0.000	0.000
4.708	0.000	0.000
4.743	0.000	0.000
4.778	0.000	0.000
4.814	0.000	0.000
4.849	0.000	0.000
4.884	0.000	0.000
4.919	0.000	0.000
4.954	0.000	0.000
4.989	0.000	0.000
5.025	0.000	0.000
5.060	0.000	0.000
5.095	0.000	0.000
5.131	0.000	0.000
5.166	0.000	0.000
5.203	0.000	0.000
5.239	0.000	0.000
5.274	0.000	0.000
5.309	0.000	0.000
5.344	0.000	0.000
5.379	0.000	0.000
5.415	0.000	0.000
5.450	0.000	0.000
5.486	0.000	0.000
5.521	0.000	0.000
5.556	0.000	0.000
5.593	0.000	0.000
5.628	0.000	0.000
5.663	0.000	0.000
5.698	0.000	0.000
5.733	0.000	0.000
5.768	0.000	0.000
5.803	0.000	0.000
5.839	0.000	0.000
5.874	0.000	0.000
5.909	0.000	0.000
5.945	0.000	0.000
5.980	0.000	0.000
6.015	0.000	0.000
6.050	0.000	0.000
6.085	0.000	0.000
6.121	0.000	0.000
6.157	0.000	0.000
6.193	0.000	0.000
6.228	0.000	0.000
6.263	0.000	0.000
6.298	0.000	0.000
6.333	0.000	0.000
6.368	0.000	0.000
6.403	0.000	0.000
6.438	0.000	0.000
6.473	0.000	0.000
6.508	0.000	0.000
6.544	0.000	0.000
6.580	0.000	0.000
6.615	0.000	0.000
6.651	0.000	0.000
6.687	0.000	0.000
6.722	0.000	0.000
6.757	0.000	0.000
6.792	0.000	0.000
6.827	0.000	0.000
6.863	0.000	0.000
6.898	0.000	0.000
6.933	0.000	0.000
6.968	0.000	0.000
7.003	0.000	0.000
7.038	0.000	0.000
7.073	0.000	0.000
7.108	0.000	0.000
7.143	0.000	0.000
7.178	0.000	0.000
7.213	0.000	0.000
7.248	0.000	0.000
7.284	0.000	0.000
7.320	0.000	0.000
7.355	0.000	0.000
7.391	0.000	0.000
7.426	0.000	0.000
7.461	0.000	0.000
7.496	0.000	0.000
7.531	0.000	0.000
7.568	0.000	0.000
7.603	0.000	0.000
7.638	0.000	0.000
7.673	0.000	0.000
7.708	0.000	0.000
7.743	0.000	0.000
7.778	0.000	0.000
7.813	0.000	0.000
7.848	0.000	0.000
7.884	0.000	0.000
7.919	0.000	0.000
7.954	0.000	0.000
7.989	0.000	0.000
8.025	0.000	0.000
8.060	0.000	0.000
8.095	0.000	0.000
8.130	0.000	0.000
8.165	0.000	0.000
8.200	0.000	0.000
8.235	0.000	0.000
8.271	0.000	0.000
8.306	0.000	0.000
8.341	0.000	0.000
8.376	0.000	0.000
8.412	0.000	0.000
8.447	0.000	0.000
8.482	0.000	0.000
8.517	0.000	0.000
8.554	0.000	0.000
8.589	0.000	0.000
8.624	0.000	0.000
8.660	0.000	0.000
8.695	0.000	0.000
8.730	0.000	0.000
8.765	0.000	0.000
8.801	0.000	0.000
8.836	0.000	0.000
8.871	0.000	0.000
8.906	0.000	0.000
8.941	0.000	0.000
8.977	0.000	0.000
9.013	0.000	0.000
9.049	0.000	0.000
9.084	0.000	0.000
9.119	0.000	0.000
9.155	0.000	0.000
9.190	0.000	0.000
9.225	0.000	0.000
9.260	0.000	0.000
9.295	0.000	0.000
9.331	0.000	0.000
9.366	0.000	0.000
9.402	0.000	0.000
9.437	0.000	0.000
9.473	0.000	0.000
9.508	0.000	0.000
9.543	0.000	0.000
9.578	0.000	0.000
9.613	0.000	0.000
9.648	0.000	0.000
9.683	0.000	0.000
9.718	0.000	0.000
9.753	0.000	0.000
9.788	0.000	0.000
9.823	0.000	0.000
9.858	0.000	0.000
9.893	0.000	0.000
9.928	0.000	0.000
9.964	0.000	0.000
9.999	0.000	0.000
10.034	0.000	0.000
10.069	0.000	0.000
10.104	0.000	0.000
10.139	0.000	0.000
10.174	0.000	0.000
10.209	0.000	0.000
10.244	0.000	0.000
10.279	0.000	0.000
10.314	0.000	0.000
10.349	0.000	0.000
10.384	0.000	0.000
10.419	0.000	0.000
10.454	0.000	0.000
10.489	0.000	0.000
10.524	0.000	0.000
10.559	0.000	0.000
10.594	0.000	0.000
10.629	0.000	0.000
10.664	0.000	0.000
10.699	0.000	0.000
10.734	0.000	0.000
10.769	0.000	0.000
10.804	0.000	0.000
10.839	0.000	0.000
10.874	0.000	0.000
10.909	0.000	0.000
10.944	0.000	0.000
10.979	0.000	0.000
11.014	0.000	0.000
11.049	0.000	0.000
11.084	0.000	0.000
11.119	0.000	0.000
11.154	0.000	0.000
11.189	0.000	0.000
11.224	0.000	0.000
11.259	0.000	0.000
11.294	0.000	0.000
11.330	0.000	0.000
11.366	0.000	0.000
11.402	0.000	0.000
11.437	0.000	0.000
11.472	0.000	0.000
11.507	0.000	0.000
11.544	0.000	0.000
11.579	0.000	0.000
11.614	0.000	0.000
11.650	0.000	0.000
11.685	0.000	0.000
11.720	0.000	0.000
11.755	0.000	0.000
11.791	0.000	0.000
11.826	0.000	0.000
11.862	0.000	0.000
11.897	0.000	0.000
11.932	0.000	0.000
11.968	0.000	0.000
12.003	0.000	0.000
12.038	0.000	0.000
12.073	0.000	0.000
12.108	0.000	0.000
12.143	0.000	0.000
12.178	0.000	0.000
12.214	0.000	0.000
12.249	0.000	0.000
12.285	0.000	0.000
12.320	0.000	0.000
12.355	0.000	0.000
12.390	0.000	0.000
12.425	0.000	0.000
12.461	0.000	0.000
12.496	0.000	0.000
12.531	0.000	0.000
12.566	0.000	0.000
12.601	0.000	0.000
12.636	0.000	0.000
12.671	0.000	0.000
12.707	0.000	0.000
12.742	0.000	0.000
12.777	0.000	0.000
12.812	0.000	0.000
12.847	0.000	0.000
12.883	0.000	0.000
12.918	0.000	0.000
12.953	0.000	0.000
12.988	0.000	0.000
13.023	0.000	0.000
13.059	0.000	0.000
13.094	0.000	0.000
13.129	0.000	0.000
13.164	0.000	0.000
13.199	0.000	0.000
13.234	0.000	0.000
13.269	0.000	0.000
13.304	0.000	0.000
13.339	0.000	0.000
13.374	0.000	0.000
13.410	0.000	0.000
13.445	0.000	0.000
13.480	0.000	0.000
13.515	0.000	0.000
13.550	0.000	0.000
13.585	0.000	0.000
13.620	-1.000	0.000
13.655	-1.000	0.000
13.690	-1.000	-0.050
13.725	-1.000	-0.148
13.760	-1.000	-0.247
13.795	-1.000	-0.333
13.830	-1.000	-0.416
13.865	-1.000	-0.486
13.900	-1.000	-0.548
13.936	-1.000	-0.601
13.972	-1.000	-0.643
14.007	-1.000	-0.686
14.042	-1.000	-0.718
14.077	-1.000	-0.749
14.113	-1.000	-0.773
14.148	-1.000	-0.795
14.183	-1.000	-0.815
14.218	-1.000	-0.835
14.253	-1.000	-0.850
14.288	-1.000	-0.862
14.323	-1.000	-0.873
14.358	-1.000	-0.883
14.393	-1.000	-0.895
14.428	-1.000	-0.902
14.463	-1.000	-0.911
14.498	-1.000	-0.917
14.534	-1.000	-0.921
14.569	-1.000	-0.925
14.604	-1.000	-0.931
14.639	-1.000	-0.934
14.674	-1.000	-0.939
14.709	-1.000	-0.943
14.744	-1.000	-0.945
14.779	-1.000	-0.947
14.814	-1.000	-0.951
14.849	-1.000	-0.953
14.884	-1.000	-0.956
14.919	-1.000	-0.959
14.954	-1.000	-0.957
14.989	-1.000	-0.958
15.024	-1.000	-0.960
15.059	-1.000	-0.963
15.094	-1.000	-0.963
15.130	-1.000	-0.966
15.165	-1.000	-0.966
15.200	-1.000	-0.965
15.235	-1.000	-0.965
15.270	-1.000	-0.966
15.305	-1.000	-0.966
15.340	-1.000	-0.967
15.375	-1.000	-0.966
15.410	-1.000	-0.970
15.445	-1.000	-0.967
15.480	-1.000	-0.967
15.515	-1.000	-0.969
15.550	-1.000	-0.971
15.586	-1.000	-0.970
15.622	-1.000	-0.968
15.657	-1.000	-0.969
15.692	-1.000	-0.969
15.727	-1.000	-0.970
15.762	-1.000	-0.971
15.797	-1.000	-0.971
15.832	-1.000	-0.973
15.868	-1.000	-0.973
15.903	-1.000	-0.971
15.938	-1.000	-0.970
15.973	-1.000	-0.972
16.008	-1.000	-0.971
16.043	-1.000	-0.970
16.078	-1.000	-0.972
16.113	-1.000	-0.969
16.148	-1.000	-0.972
16.184	-1.000	-0.970
16.219	-1.000	-0.968
16.254	-1.000	-0.972
16.289	-1.000	-0.969
16.324	-1.000	-0.972
16.359	-1.000	-0.971
16.395	-1.000	-0.972
16.430	-1.000	-0.971
16.465	-1.000	-0.972
16.500	-1.000	-0.972
16.535	-1.000	-0.970
16.570	-1.000	-0.971
16.605	-1.000	-0.971
16.640	-1.000	-0.972
16.675	-1.000	-0.971
16.710	-1.000	-0.972
16.745	-1.000	-0.970
16.780	-1.000	-0.973
16.815	-1.000	-0.970
16.850	-1.000	-0.972
16.886	-1.000	-0.972
16.923	-1.000	-0.972
16.958	-1.000	-0.969
16.993	-1.000	-0.973
17.028	-1.000	-0.972
17.063	-1.000	-0.969
17.098	-1.000	-0.972
17.133	-1.000	-0.971
17.168	-1.000	-0.969
17.203	-1.000	-0.970
17.239	-1.000	-0.969
17.275	-1.000	-0.970
17.310	-1.000	-0.970
17.345	-1.000	-0.971
17.380	-1.000	-0.972
17.415	-1.000	-0.973
17.450	-1.000	-0.972
17.485	-1.000	-0.972
17.521	-1.000	-0.971
17.556	-1.000	-0.971
17.591	-1.000	-0.972
17.626	-1.000	-0.968
17.663	-1.000	-0.972
17.698	-1.000	-0.968
17.733	-1.000	-0.970
17.768	-1.000	-0.969
17.804	-1.000	-0.972
17.839	-1.000	-0.970
17.874	-1.000	-0.972
17.909	-1.000	-0.971
17.944	-1.000	-0.973
17.979	-1.000	-0.970
18.015	-1.000	-0.970
18.052	-1.000	-0.969
18.087	-1.000	-0.966
18.122	-1.000	-0.969
18.158	-1.000	-0.967
18.194	-1.000	-0.968
18.229	-1.000	-0.969
18.264	-1.000	-0.970
18.299	-1.000	-0.971
18.334	-1.000	-0.975
18.370	-1.000	-0.975
18.405	-1.000	-0.974
18.441	-1.000	-0.981
18.476	-1.000	-0.990
18.513	-1.000	-1.003
18.548	-1.000	-1.009
18.583	-1.000	-1.018
18.618	-1.000	-1.021
18.654	-1.000	-1.026
18.689	-1.000	-1.024
18.724	-1.000	-1.024
18.759	-1.000	-1.026
18.794	-1.000	-1.023
18.829	-1.000	-1.020
18.864	-1.000	-1.017
18.899	-1.000	-1.014
18.934	-1.000	-1.012
18.969	-1.000	-1.008
19.004	-1.000	-1.006
19.039	-1.000	-1.004
19.074	-1.000	-1.002
19.110	-1.000	-0.996
19.145	-1.000	-0.995
19.180	-1.000	-0.997
19.216	-1.000	-0.995
19.252	-1.000	-0.989
19.287	-1.000	-0.991
19.322	-1.000	-0.987
19.357	-1.000	-0.989
19.392	-1.000	-0.985
19.427	-1.000	-0.984
19.462	-1.000	-0.982
19.497	-1.000	-0.981
19.532	-1.000	-0.980
19.568	-1.000	-0.982
19.603	-1.000	-0.980
19.638	-1.000	-0.982
19.673	-1.000	-0.982
19.708	-1.000	-0.978
19.743	-1.000	-0.979
19.778	-1.000	-0.980
19.813	-1.000	-0.978
19.848	-1.000	-0.979
19.883	-1.000	-0.977
19.918	-1.000	-0.978
19.953	-1.000	-0.977
19.988	-1.000	-0.974
20.024	-1.000	-0.973
20.059	-1.000	-0.974
20.094	-1.000	-0.978
20.129	-1.000	-0.977
20.164	-1.000	-0.975
20.200	-1.000	-0.976
20.235	-1.000	-0.973
20.270	-1.000	-0.974
20.305	-1.000	-0.974
20.340	-1.000	-0.975
20.375	-1.000	-0.976
20.410	-1.000	-0.975
20.445	-1.000	-0.975
20.480	-1.000	-0.975
20.515	-1.000	-0.977
20.550	-1.000	-0.974
20.585	-1.000	-0.977
20.620	-1.000	-0.976
20.655	-1.000	-0.976
20.690	-1.000	-0.974
20.725	-1.000	-0.974
20.760	-1.000	-0.975
20.795	-1.000	-0.975
20.830	-1.000	-0.974
20.865	-1.000	-0.973
20.900	-1.000	-0.976
20.935	-1.000	-0.976
20.970	-1.000	-0.974
21.005	-1.000	-0.973
21.041	-1.000	-0.973
21.076	-1.000	-0.974
21.111	-1.000	-0.972
21.146	-1.000	-0.972
21.182	-1.000	-0.973
21.217	-1.000	-0.975
21.252	-1.000	-0.975
21.288	-1.000	-0.973
21.323	-1.000	-0.977
21.358	-1.000	-0.976
21.393	-1.000	-0.975
21.428	-1.000	-0.973
21.463	-1.000	-0.969
21.498	-1.000	-0.969
21.533	-1.000	-0.971
21.568	-1.000	-0.972
21.603	-1.000	-0.969
21.638	-1.000	-0.974
21.673	-1.000	-0.973
21.708	-1.000	-0.973
21.743	-1.000	-0.973
21.778	-1.000	-0.974
21.813	-1.000	-0.975
21.848	-1.000	-0.976
21.883	-1.000	-0.976
21.918	-1.000	-0.975
21.953	-1.000	-0.973
21.988	-1.000	-0.976
22.023	-1.000	-0.973
22.058	-1.000	-0.972
22.093	-1.000	-0.975
22.128	-1.000	-0.973
22.163	-1.000	-0.975
22.199	-1.000	-0.973
22.234	-1.000	-0.975
22.269	-1.000	-0.976
22.304	-1.000	-0.974
22.339	-1.000	-0.975
22.374	-1.000	-0.975
22.409	-1.000	-0.974
22.444	-1.000	-0.975
22.479	-1.000	-0.977
22.514	-1.000	-0.973
22.551	-1.000	-0.977
22.586	-1.000	-0.972
22.623	-1.000	-0.976
22.658	-1.000	-0.972
22.694	-1.000	-0.974
22.729	-1.000	-0.976
22.765	-1.000	-0.975
22.800	-1.000	-0.972
22.835	-1.000	-0.973
22.871	-1.000	-0.973
22.906	-1.000	-0.975
22.942	-1.000	-0.975
22.978	-1.000	-0.976
23.013	-1.000	-0.972
23.048	-1.000	-0.972
23.084	-1.000	-0.975
23.119	-1.000	-0.975
23.154	-1.000	-0.973
23.189	-1.000	-0.976
23.224	-1.000	-0.972
23.259	-1.000	-0.974
23.294	-1.000	-0.972
23.329	-1.000	-0.974
23.364	-1.000	-0.974
23.399	-1.000	-0.971
23.434	-1.000	-0.973
23.469	-1.000	-0.973
23.504	-1.000	-0.975
23.539	-1.000	-0.972
23.574	-1.000	-0.975
23.610	-1.000	-0.974
23.646	-1.000	-0.975
23.681	-1.000	-0.975
23.716	-1.000	-0.971
23.751	-1.000	-0.972
23.786	-1.000	-0.975
23.822	-1.000	-0.976
23.858	-1.000	-0.976
23.894	-1.000	-0.972
23.930	-1.000	-0.972
23.965	-1.000	-0.976
24.000	-1.000	-0.976
24.035	-1.000	-0.973
24.070	-1.000	-0.974
24.106	-1.000	-0.975
24.141	-1.000	-0.975
24.177	-1.000	-0.974
24.212	-1.000	-0.972
24.247	-1.000	-0.973
24.282	-1.000	-0.974
24.317	-1.000	-0.976
24.353	-1.000	-0.974
24.388	-1.000	-0.975
24.423	-1.000	-0.973
24.458	-1.000	-0.973
24.493	-1.000	-0.975
24.528	-1.000	-0.974
24.563	-1.000	-0.976
24.598	-1.000	-0.973
24.633	-1.000	-0.972
24.668	-1.000	-0.974
24.703	-1.000	-0.974
24.738	-1.000	-0.975
24.773	-1.000	-0.976
24.808	-1.000	-0.975
24.843	-1.000	-0.971
24.878	-1.000	-0.972
24.913	-1.000	-0.974
24.948	-1.000	-0.971
24.983	-1.000	-0.973
25.018	-1.000	-0.972
25.053	-1.000	-0.975
25.088	-1.000	-0.972
25.123	-1.000	-0.974
25.159	-1.000	-0.976
25.195	-1.000	-0.974
25.230	-1.000	-0.972
25.265	-1.000	-0.974
25.300	-1.000	-0.977
25.335	-1.000	-0.974
25.370	-1.000	-0.976
25.405	-1.000	-0.975
25.440	-1.000	-0.974
25.475	-1.000	-0.973
25.511	-1.000	-0.973
25.546	-1.000	-0.975
25.582	-1.000	-0.975
25.617	-1.000	-0.973
25.653	-1.000	-0.975
25.688	-1.000	-0.976
25.723	-1.000	-0.973
25.759	-1.000	-0.973
25.795	-1.000	-0.975
25.830	-1.000	-0.972
25.866	-1.000	-0.975
