0.000	0.000	0.000
0.035	0.000	0.000
0.070	0.000	0.000
0.105	0.000	0.000
0.140	0.000	0.000
0.175	0.000	0.000
0.210	0.000	0.000
0.245	0.000	0.000
0.281	0.000	0.000
0.316	0.000	0.000
0.352	0.000	0.000
0.387	0.000	0.000
0.422	0.000	0.000
0.458	0.000	0.000
0.493	0.000	0.000
0.529	0.000	0.000
0.565	0.000	0.000
0.600	0.000	0.000
0.635	0.000	0.000
0.670	0.000	0.000
0.705	0.000	0.000
0.741	0.000	0.000
0.776	0.000	0.000
0.812	0.000	0.000
0.847	0.000	0.000
0.882	0.000	0.000
0.917	0.000	0.000
0.952	0.000	0.000
0.987	0.000	0.000
1.022	0.000	0.000
1.057	0.000	0.000
1.092	0.000	0.000
1.127	0.000	0.000
1.162	0.000	0.000
1.197	0.000	0.000
1.233	0.000	0.000
1.268	0.000	0.000
1.303	0.000	0.000
1.338	0.000	0.000
1.374	0.000	0.000
1.409	0.000	0.000
1.444	0.000	0.000
1.479	0.000	0.000
1.514	0.000	0.000
1.549	0.000	0.000
1.584	0.000	0.000
1.619	0.000	0.000
1.654	0.000	0.000
1.690	0.000	0.000
1.725	0.000	0.000
1.760	0.000	0.000
1.795	0.000	0.000
1.830	0.000	0.000
1.865	0.000	0.000
1.906	0.000	0.000
1.943	0.000	0.000
1.978	0.000	0.000
2.013	0.000	0.000
2.048	0.000	0.000
2.083	0.000	0.000
2.118	0.000	0.000
2.154	0.000	0.000
2.189	0.000	0.000
2.224	0.000	0.000
2.259	0.000	0.000
2.294	0.000	0.000
2.329	0.000	0.000
2.365	0.000	0.000
2.400	0.000	0.000
2.435	0.000	0.000
2.470	0.000	0.000
2.505	0.000	0.000
2.540	0.000	0.000
2.576	0.000	0.000
2.611	0.000	0.000
2.646	0.000	0.000
2.681	0.000	0.000
2.716	0.000	0.000
2.751	0.000	0.000
2.786	0.000	0.000
2.821	0.000	0.000
2.856	0.000	0.000
2.891	0.000	0.000
2.926	0.000	0.000
2.961	0.000	0.000
2.996	0.000	0.000
3.031	0.000	0.000
3.066	0.000	0.000
3.101	0.000	0.000
3.136	0.000	0.000
3.171	0.000	0.000
3.206	0.000	0.000
3.241	0.000	0.000
3.276	0.000	0.000
3.311	0.000	0.000
3.346	0.000	0.000
3.381	0.000	0.000
3.416	0.000	0.000
3.451	0.000	0.000
3.486	0.000	0.000
3.521	0.000	0.000
3.557	0.000	0.000
3.592	0.000	0.000
3.628	0.000	0.000
3.664	0.000	0.000
3.699	0.000	0.000
3.734	0.000	0.000
3.769	0.000	0.000
3.804	0.000	0.000
3.839	0.000	0.000
3.874	0.000	0.000
3.909	0.000	0.000
3.944	0.000	0.000
3.980	0.000	0.000
4.016	0.000	0.000
4.051	0.000	0.000
4.086	0.000	0.000
4.121	0.000	0.000
4.156	0.000	0.000
4.191	0.000	0.000
4.227	0.000	0.000
4.263	0.000	0.000
4.298	0.000	0.000
4.334	0.000	0.000
4.369	0.000	0.000
4.404	0.000	0.000
4.439	0.000	0.000
4.474	0.000	0.000
4.509	0.000	0.000
4.544	0.000	0.000
4.579	0.000	0.000
4.614	0.000	0.000
4.649	0.000	0.000
4.684	0.000	0.000
4.719	0.000	0.000
4.755	0.000	0.000
4.791	0.000	0.000
4.827	0.000	0.000
4.862	0.000	0.000
4.897	0.000	0.000
4.932	0.000	0.000
4.967	0.000	0.000
5.003	0.000	0.000
5.039	0.000	0.000
5.074	0.000	0.000
5.109	0.000	0.000
5.145	0.000	0.000
5.180	0.000	0.000
5.216	0.000	0.000
5.251	0.000	0.000
5.286	0.000	0.000
5.321	0.000	0.000
5.357	0.000	0.000
5.393	0.000	0.000
5.429	0.000	0.000
5.487	0.000	0.000
5.522	0.000	0.000
7.361	0.000	0.000
7.396	0.000	0.000
7.431	0.000	0.000
7.467	0.000	0.000
7.502	0.000	0.000
7.537	0.000	0.000
7.572	0.000	0.000
7.607	0.000	0.000
7.642	0.000	0.000
7.677	0.000	0.000
7.712	0.000	0.000
7.747	0.000	0.000
7.782	0.000	0.000
7.817	0.000	0.000
7.852	0.000	0.000
7.888	0.000	0.000
7.923	0.000	0.000
7.959	0.000	0.000
7.995	0.000	0.000
8.030	0.000	0.000
8.065	0.000	0.000
8.100	0.000	0.000
8.136	0.000	0.000
8.171	0.000	0.000
8.206	0.000	0.000
8.241	0.000	0.000
8.277	0.000	0.000
8.312	0.000	0.000
8.348	0.000	0.000
8.383	0.000	0.000
8.418	0.000	0.000
8.454	0.000	0.000
8.489	0.000	0.000
8.525	0.000	0.000
8.560	0.000	0.000
8.595	0.000	0.000
8.630	0.000	0.000
8.665	0.000	0.000
8.700	0.000	0.000
8.736	0.000	0.000
8.771	0.000	0.000
8.806	0.000	0.000
8.841	0.000	0.000
8.877	0.000	0.000
8.914	0.000	0.000
8.949	0.000	0.000
8.984	0.000	0.000
9.019	0.000	0.000
9.055	0.000	0.000
9.090	0.000	0.000
9.126	0.000	0.000
9.161	0.000	0.000
9.196	0.000	0.000
9.231	0.000	0.000
9.266	0.000	0.000
9.301	0.000	0.000
9.336	0.000	0.000
9.371	0.000	0.000
9.406	0.000	0.000
9.441	0.000	0.000
9.477	0.000	0.000
9.512	0.000	0.000
9.547	0.000	0.000
9.583	0.000	0.000
9.618	0.000	0.000
9.654	0.000	0.000
9.689	0.000	0.000
9.724	0.000	0.000
9.759	0.000	0.000
9.794	0.000	0.000
9.829	0.000	0.000
9.864	0.000	0.000
9.899	0.000	0.000
9.934	0.000	0.000
9.969	0.000	0.000
10.004	0.000	0.000
10.039	0.000	0.000
10.076	0.000	0.000
10.112	0.000	0.000
10.148	0.000	0.000
10.184	0.000	0.000
10.220	0.000	0.000
10.256	0.000	0.000
10.291	0.000	0.000
10.326	0.000	0.000
10.361	0.000	0.000
10.397	0.000	0.000
10.432	0.000	0.000
10.467	0.000	0.000
10.502	0.000	0.000
10.537	0.000	0.000
10.573	0.000	0.000
10.608	0.000	0.000
10.644	0.000	0.000
10.679	0.000	0.000
10.714	0.000	0.000
10.749	0.000	0.000
10.786	0.000	0.000
10.821	0.000	0.000
10.856	0.000	0.000
10.891	0.000	0.000
10.926	0.000	0.000
10.961	0.000	0.000
10.996	0.000	0.000
11.031	0.000	0.000
11.066	0.000	0.000
11.101	0.000	0.000
11.136	0.000	0.000
11.171	0.000	0.000
11.207	0.000	0.000
11.242	0.000	0.000
11.277	0.000	0.000
11.312	0.000	0.000
11.348	0.000	0.000
11.384	0.000	0.000
11.419	0.000	0.000
11.454	0.000	0.000
11.489	0.000	0.000
11.524	0.000	0.000
11.560	0.000	0.000
11.595	0.000	0.000
11.630	0.000	0.000
11.665	0.000	0.000
11.700	0.000	0.000
11.735	0.000	0.000
11.770	0.000	0.000
11.805	0.000	0.000
11.840	0.000	0.000
11.876	0.000	0.000
11.911	0.000	0.000
11.946	0.000	0.000
11.981	0.000	0.000
12.016	0.000	0.000
12.051	0.000	0.000
12.087	0.000	0.000
12.122	0.000	0.000
12.157	0.000	0.000
12.192	0.000	0.000
12.227	0.000	0.000
12.262	0.000	0.000
12.297	0.000	0.000
12.332	0.000	0.000
12.367	0.000	0.000
12.402	0.000	0.000
12.437	0.000	0.000
12.472	0.000	0.000
12.507	0.000	0.000
12.543	0.000	0.000
12.578	0.000	0.000
12.614	0.000	0.000
12.649	0.000	0.000
12.684	0.000	0.000
12.719	0.000	0.000
12.754	0.000	0.000
12.789	0.000	0.000
12.824	0.000	0.000
12.860	0.000	0.000
12.895	0.000	0.000
12.930	0.000	0.000
12.965	0.000	0.000
13.000	0.000	0.000
13.035	0.000	0.000
13.070	0.000	0.000
13.105	0.000	0.000
13.140	0.000	0.000
13.175	0.000	0.000
13.210	0.000	0.000
13.245	0.000	0.000
13.280	0.000	0.000
13.315	0.000	0.000
13.351	0.000	0.000
13.386	0.000	0.000
13.421	0.000	0.000
13.456	0.000	0.000
13.491	0.000	0.000
13.527	0.000	0.000
13.563	0.000	0.000
13.598	0.000	0.000
13.633	0.000	0.000
13.668	0.000	0.000
13.703	0.000	0.000
13.738	0.000	0.000
13.775	0.000	0.000
13.810	0.000	0.000
13.845	0.000	0.000
13.880	0.000	0.000
13.915	0.000	0.000
13.950	0.000	0.000
13.985	0.000	0.000
14.020	0.000	0.000
14.055	0.000	0.000
14.091	0.000	0.000
14.126	0.000	0.000
14.161	0.000	0.000
14.197	0.000	0.000
14.232	0.000	0.000
14.267	0.000	0.000
14.303	0.000	0.000
14.338	0.000	0.000
14.373	0.000	0.000
14.408	0.000	0.000
14.445	0.000	0.000
14.480	0.000	0.000
14.515	0.000	0.000
14.550	0.000	0.000
14.585	0.000	0.000
14.621	0.000	0.000
14.656	0.000	0.000
14.691	0.000	0.000
14.726	0.000	0.000
14.761	0.000	0.000
14.796	0.000	0.000
14.831	0.000	0.000
14.866	0.000	0.000
14.901	0.000	0.000
14.936	0.000	0.000
14.972	0.000	0.000
15.007	0.000	0.000
15.043	0.000	0.000
15.078	0.000	0.000
15.113	0.000	0.000
15.148	0.000	0.000
15.185	0.000	0.000
15.220	0.000	0.000
15.255	0.000	0.000
15.290	0.000	0.000
15.325	0.000	0.000
15.360	0.000	0.000
15.395	0.000	0.000
15.430	0.000	0.000
15.465	0.000	0.000
15.500	0.000	0.000
15.535	0.000	0.000
15.570	0.000	0.000
15.605	0.000	0.000
15.640	0.000	0.000
15.675	0.000	0.000
15.710	-1.000	0.000
15.745	-1.000	0.000
15.780	-1.000	-0.048
15.815	-1.000	-0.146
15.850	-1.000	-0.243
15.886	-1.000	-0.332
15.921	-1.000	-0.413
15.957	-1.000	-0.483
15.992	-1.000	-0.545
16.028	-1.000	-0.598
16.065	-1.000	-0.644
16.100	-1.000	-0.683
16.135	-1.000	-0.719
16.170	-1.000	-0.749
16.205	-1.000	-0.774
16.240	-1.000	-0.798
16.275	-1.000	-0.817
16.310	-1.000	-0.832
16.345	-1.000	-0.849
16.380	-1.000	-0.860
16.415	-1.000	-0.872
16.450	-1.000	-0.883
16.485	-1.000	-0.892
16.520	-1.000	-0.901
16.555	-1.000	-0.909
16.590	-1.000	-0.917
16.625	-1.000	-0.921
16.660	-1.000	-0.926
16.695	-1.000	-0.933
16.730	-1.000	-0.934
16.765	-1.000	-0.938
16.800	-1.000	-0.944
16.835	-1.000	-0.944
16.870	-1.000	-0.948
16.905	-1.000	-0.951
16.940	-1.000	-0.951
16.976	-1.000	-0.956
17.011	-1.000	-0.954
17.046	-1.000	-0.957
17.081	-1.000	-0.960
17.116	-1.000	-0.958
17.151	-1.000	-0.960
17.186	-1.000	-0.963
17.221	-1.000	-0.965
17.256	-1.000	-0.965
17.291	-1.000	-0.963
17.326	-1.000	-0.966
17.361	-1.000	-0.967
17.396	-1.000	-0.968
17.431	-1.000	-0.965
17.466	-1.000	-0.969
17.501	-1.000	-0.967
17.536	-1.000	-0.968
17.571	-1.000	-0.969
17.606	-1.000	-0.970
17.641	-1.000	-0.967
17.676	-1.000	-0.968
17.711	-1.000	-0.969
17.746	-1.000	-0.970
17.781	-1.000	-0.968
17.817	-1.000	-0.969
17.852	-1.000	-0.969
17.887	-1.000	-0.970
17.922	-1.000	-0.968
17.957	-1.000	-0.969
17.992	-1.000	-0.968
18.027	-1.000	-0.967
18.062	-1.000	-0.969
18.097	-1.000	-0.970
18.132	-1.000	-0.969
18.167	-1.000	-0.971
18.202	-1.000	-0.973
18.237	-1.000	-0.974
18.272	-1.000	-0.970
18.307	-1.000	-0.971
18.342	-1.000	-0.973
18.377	-1.000	-0.972
18.413	-1.000	-0.973
18.449	-1.000	-0.971
18.485	-1.000	-0.970
18.520	-1.000	-0.971
18.555	-1.000	-0.972
18.590	-1.000	-0.972
18.626	-1.000	-0.973
18.661	-1.000	-0.970
18.696	-1.000	-0.971
18.731	-1.000	-0.972
18.767	-1.000	-0.972
18.803	-1.000	-0.970
18.838	-1.000	-0.970
18.873	-1.000	-0.973
18.908	-1.000	-0.972
18.944	-1.000	-0.974
18.979	-1.000	-0.970
19.014	-1.000	-0.970
19.049	-1.000	-0.970
19.084	-1.000	-0.973
19.119	-1.000	-0.974
19.154	-1.000	-0.970
19.189	-1.000	-0.973
19.224	-1.000	-0.973
19.260	-1.000	-0.969
19.295	-1.000	-0.971
19.330	-1.000	-0.969
19.365	-1.000	-0.971
19.400	-1.000	-0.970
19.435	-1.000	-0.971
19.471	-1.000	-0.972
19.506	-1.000	-0.970
19.541	-1.000	-0.971
19.576	-1.000	-0.972
19.611	-1.000	-0.971
19.647	-1.000	-0.972
19.683	-1.000	-0.970
19.718	-1.000	-0.973
19.753	-1.000	-0.971
19.788	-1.000	-0.970
19.823	-1.000	-0.970
19.858	-1.000	-0.974
19.894	-1.000	-0.973
19.929	-1.000	-0.971
19.964	-1.000	-0.970
19.999	-1.000	-0.969
20.035	-1.000	-0.971
20.070	-1.000	-0.969
20.105	-1.000	-0.970
20.140	-1.000	-0.970
20.175	-1.000	-0.971
20.210	-1.000	-0.973
20.245	-1.000	-0.973
20.280	-1.000	-0.970
20.315	-1.000	-0.971
20.351	-1.000	-0.973
20.386	-1.000	-0.970
20.421	-1.000	-0.971
20.456	-1.000	-0.974
20.491	-1.000	-0.971
20.526	-1.000	-0.973
20.563	-1.000	-0.970
20.598	-1.000	-0.969
20.635	-1.000	-0.970
20.670	-1.000	-0.970
20.705	-1.000	-0.971
20.741	-1.000	-0.970
20.776	-1.000	-0.971
20.811	-1.000	-0.971
20.846	-1.000	-0.971
20.881	-1.000	-0.973
20.917	-1.000	-0.972
20.952	-1.000	-0.971
20.987	-1.000	-0.972
21.023	-1.000	-0.973
21.058	-1.000	-0.970
21.094	-1.000	-0.973
21.130	-1.000	-0.974
21.165	-1.000	-0.970
21.200	-1.000	-0.971
21.235	-1.000	-0.970
21.270	-1.000	-0.970
21.305	-1.000	-0.971
21.340	-1.000	-0.973
21.376	-1.000	-0.969
21.411	-1.000	-0.972
21.446	-1.000	-0.969
21.481	-1.000	-0.972
21.517	-1.000	-0.971
21.552	-1.000	-0.969
21.587	-1.000	-0.970
21.622	-1.000	-0.971
21.657	-1.000	-0.970
21.692	-1.000	-0.972
21.727	-1.000	-0.972
21.762	-1.000	-0.971
21.797	-1.000	-0.971
21.832	-1.000	-0.973
21.867	-1.000	-0.974
21.903	-1.000	-0.971
21.939	-1.000	-0.973
21.975	-1.000	-0.970
22.010	-1.000	-0.970
22.045	-1.000	-0.971
22.080	-1.000	-0.972
22.115	-1.000	-0.971
22.150	-1.000	-0.972
22.185	-1.000	-0.974
22.220	-1.000	-0.975
22.256	-1.000	-0.972
22.291	-1.000	-0.969
22.326	-1.000	-0.969
22.361	-1.000	-0.973
22.396	-1.000	-0.970
22.432	-1.000	-0.973
22.467	-1.000	-0.969
22.502	-1.000	-0.971
22.537	-1.000	-0.972
22.573	-1.000	-0.970
22.608	-1.000	-0.972
22.643	-1.000	-0.972
22.678	-1.000	-0.972
22.713	-1.000	-0.972
22.749	-1.000	-0.970
22.784	-1.000	-0.970
22.819	-1.000	-0.971
22.854	-1.000	-0.970
22.889	-1.000	-0.968
22.924	-1.000	-0.969
22.959	-1.000	-0.971
22.994	-1.000	-0.971
23.029	-1.000	-0.972
23.065	-1.000	-0.971
23.100	-1.000	-0.969
23.135	-1.000	-0.970
23.170	-1.000	-0.972
23.205	-1.000	-0.973
23.240	-1.000	-0.970
23.275	-1.000	-0.971
23.310	-1.000	-0.969
23.345	-1.000	-0.968
23.381	-1.000	-0.967
23.416	-1.000	-0.966
23.451	-1.000	-0.971
23.486	-1.000	-0.970
23.521	-1.000	-0.968
23.556	-1.000	-0.970
23.593	-1.000	-0.971
23.628	-1.000	-0.970
23.663	-1.000	-0.974
23.698	-1.000	-0.974
23.733	-1.000	-0.974
23.768	-1.000	-0.970
23.803	-1.000	-0.974
23.838	-1.000	-0.971
23.873	-1.000	-0.973
23.908	-1.000	-0.974
23.944	-1.000	-0.971
23.980	-1.000	-0.971
24.015	-1.000	-0.972
24.050	-1.000	-0.974
24.085	-1.000	-0.971
24.122	-1.000	-0.970
24.157	-1.000	-0.970
24.192	-1.000	-0.974
24.227	-1.000	-0.974
24.262	-1.000	-0.971
24.297	-1.000	-0.971
24.332	-1.000	-0.972
24.367	-1.000	-0.973
24.402	-1.000	-0.974
24.437	-1.000	-0.974
24.473	-1.000	-0.972
24.508	-1.000	-0.971
24.544	-1.000	-0.971
24.579	-1.000	-0.970
24.614	-1.000	-0.971
24.649	-1.000	-0.974
24.684	-1.000	-0.972
24.720	-1.000	-0.971
24.755	-1.000	-0.972
24.791	-1.000	-0.971
24.826	-1.000	-0.972
24.861	-1.000	-0.969
24.896	-1.000	-0.971
24.931	-1.000	-0.971
24.966	-1.000	-0.968
25.002	-1.000	-0.968
25.037	-1.000	-0.972
25.072	-1.000	-0.969
25.107	-1.000	-0.971
25.142	-1.000	-0.972
25.178	-1.000	-0.969
25.214	-1.000	-0.972
25.250	-1.000	-0.972
25.285	-1.000	-0.968
25.320	-1.000	-0.972
25.355	-1.000	-0.969
25.391	-1.000	-0.969
25.426	-1.000	-0.970
25.461	-1.000	-0.970
25.496	-1.000	-0.972
25.531	-1.000	-0.974
25.566	-1.000	-0.972
25.601	-1.000	-0.974
25.636	-1.000	-0.974
25.671	-1.000	-0.970
25.706	-1.000	-0.971
25.742	-1.000	-0.972
25.777	-1.000	-0.969
25.812	-1.000	-0.971
25.847	-1.000	-0.972
25.882	-1.000	-0.973
25.917	-1.000	-0.970
25.952	-1.000	-0.972
25.988	-1.000	-0.973
26.023	-1.000	-0.970
26.059	-1.000	-0.970
26.095	-1.000	-0.973
26.131	-1.000	-0.969
26.166	-1.000	-0.971
26.201	-1.000	-0.971
26.237	-1.000	-0.973
26.272	-1.000	-0.969
26.307	-1.000	-0.973
26.343	-1.000	-0.972
26.378	-1.000	-0.971
26.413	-1.000	-0.972
26.448	-1.000	-0.971
26.483	-1.000	-0.969
26.518	-1.000	-0.970
26.553	-1.000	-0.970
26.588	-1.000	-0.968
26.624	-1.000	-0.972
26.660	-1.000	-0.973
26.695	-1.000	-0.969
26.730	-1.000	-0.972
26.765	-1.000	-0.971
26.802	-1.000	-0.970
26.837	-1.000	-0.965
26.872	-1.000	-0.966
26.908	-1.000	-0.968
26.944	-1.000	-0.967
26.979	-1.000	-0.971
27.015	-1.000	-0.970
27.050	-1.000	-0.973
27.086	-1.000	-0.970
27.121	-1.000	-0.969
27.156	-1.000	-0.971
27.191	-1.000	-0.972
27.227	-1.000	-0.973
27.262	-1.000	-0.971
27.297	-1.000	-0.972
27.332	-1.000	-0.972
27.367	-1.000	-0.973
27.403	-1.000	-0.974
27.438	-1.000	-0.974
27.474	-1.000	-0.971
27.510	-1.000	-0.970
27.545	-1.000	-0.973
27.580	-1.000	-0.971
27.615	-1.000	-0.970
27.650	-1.000	-0.975
27.686	-1.000	-0.970
27.721	-1.000	-0.970
27.756	-1.000	-0.973
27.791	-1.000	-0.971
27.826	-1.000	-0.973
27.861	-1.000	-0.970
27.896	-1.000	-0.972
27.932	-1.000	-0.972
27.967	-1.000	-0.974
28.002	-1.000	-0.972
28.037	-1.000	-0.973
28.072	-1.000	-0.970
28.107	-1.000	-0.971
28.142	-1.000	-0.972
28.177	-1.000	-0.972
28.212	-1.000	-0.972
28.247	-1.000	-0.969
28.282	-1.000	-0.972
28.317	-1.000	-0.970
28.353	-1.000	-0.971
28.388	-1.000	-0.972
28.423	-1.000	-0.973
28.458	-1.000	-0.973
28.493	-1.000	-0.973
28.528	-1.000	-0.969
28.563	-1.000	-0.970
28.599	-1.000	-0.970
28.635	-1.000	-0.971
28.671	-1.000	-0.970
28.706	-1.000	-0.974
28.741	-1.000	-0.970
28.776	-1.000	-0.970
28.812	-1.000	-0.971
