0.000	0.000	0.000
0.035	0.000	0.000
0.071	0.000	0.000
0.106	0.000	0.000
0.142	0.000	0.000
0.177	0.000	0.000
0.212	0.000	0.000
0.248	0.000	0.000
0.283	0.000	0.000
0.318	0.000	0.000
0.353	0.000	0.000
0.388	0.000	0.000
0.423	0.000	0.000
0.458	0.000	0.000
0.493	0.000	0.000
0.529	0.000	0.000
0.564	0.000	0.000
0.599	0.000	0.000
0.634	0.000	0.000
0.669	0.000	0.000
0.704	0.000	0.000
0.739	0.000	0.000
0.774	0.000	0.000
0.809	0.000	0.000
0.844	0.000	0.000
0.879	0.000	0.000
0.914	0.000	0.000
0.949	0.000	0.000
0.985	0.000	0.000
1.021	0.000	0.000
1.056	0.000	0.000
1.092	0.000	0.000
1.127	0.000	0.000
1.163	0.000	0.000
1.198	0.000	0.000
1.235	0.000	0.000
1.270	0.000	0.000
1.305	0.000	0.000
1.340	0.000	0.000
1.375	0.000	0.000
1.410	0.000	0.000
1.445	0.000	0.000
1.480	0.000	0.000
1.516	0.000	0.000
1.551	0.000	0.000
1.586	0.000	0.000
1.621	0.000	0.000
1.656	0.000	0.000
1.692	0.000	0.000
7.730	0.000	0.000
7.765	0.000	0.000
7.800	0.000	0.000
7.835	0.000	0.000
7.870	0.000	0.000
7.905	0.000	0.000
7.940	0.000	0.000
7.975	0.000	0.000
8.010	0.000	0.000
8.045	0.000	0.000
8.080	0.000	0.000
8.115	0.000	0.000
8.150	0.000	0.000
8.186	0.000	0.000
8.221	0.000	0.000
8.256	0.000	0.000
8.291	0.000	0.000
8.326	0.000	0.000
8.362	0.000	0.000
8.397	0.000	0.000
8.432	0.000	0.000
8.467	0.000	0.000
8.502	0.000	0.000
8.538	0.000	0.000
8.573	0.000	0.000
8.608	0.000	0.000
8.644	0.000	0.000
8.679	0.000	0.000
8.714	0.000	0.000
8.749	0.000	0.000
8.784	0.000	0.000
8.819	0.000	0.000
8.855	0.000	0.000
8.890	0.000	0.000
8.925	0.000	0.000
8.960	0.000	0.000
8.996	0.000	0.000
9.031	0.000	0.000
9.066	0.000	0.000
9.102	0.000	0.000
9.137	0.000	0.000
9.172	0.000	0.000
9.207	0.000	0.000
9.242	0.000	0.000
9.277	0.000	0.000
9.312	0.000	0.000
9.347	0.000	0.000
9.382	0.000	0.000
9.417	0.000	0.000
9.452	0.000	0.000
9.487	0.000	0.000
9.522	0.000	0.000
9.557	0.000	0.000
9.592	0.000	0.000
9.627	0.000	0.000
9.662	0.000	0.000
9.698	0.000	0.000
9.733	0.000	0.000
9.768	0.000	0.000
9.803	0.000	0.000
9.839	0.000	0.000
9.874	0.000	0.000
9.910	0.000	0.000
9.946	0.000	0.000
9.981	0.000	0.000
10.016	0.000	0.000
10.051	0.000	0.000
10.086	0.000	0.000
10.122	0.000	0.000
10.157	0.000	0.000
10.192	0.000	0.000
10.227	0.000	0.000
10.263	0.000	0.000
10.298	0.000	0.000
10.333	0.000	0.000
10.368	0.000	0.000
10.403	0.000	0.000
10.438	0.000	0.000
10.473	0.000	0.000
10.510	0.000	0.000
10.546	0.000	0.000
10.581	0.000	0.000
10.616	0.000	0.000
10.651	0.000	0.000
10.686	0.000	0.000
10.721	0.000	0.000
10.756	0.000	0.000
10.791	0.000	0.000
10.826	0.000	0.000
10.861	0.000	0.000
10.896	0.000	0.000
10.931	0.000	0.000
10.967	0.000	0.000
11.002	-1.000	0.000
11.037	-1.000	0.000
11.072	-1.000	-0.041
11.107	-1.000	-0.123
11.142	-1.000	-0.212
11.177	-1.000	-0.298
11.212	-1.000	-0.375
11.247	-1.000	-0.442
11.282	-1.000	-0.503
11.317	-1.000	-0.558
11.352	-1.000	-0.604
11.387	-1.000	-0.646
11.422	-1.000	-0.685
11.457	-1.000	-0.715
11.492	-1.000	-0.747
11.527	-1.000	-0.772
11.562	-1.000	-0.795
11.597	-1.000	-0.812
11.632	-1.000	-0.831
11.667	-1.000	-0.849
11.702	-1.000	-0.862
11.737	-1.000	-0.876
11.772	-1.000	-0.888
11.808	-1.000	-0.899
11.843	-1.000	-0.912
11.878	-1.000	-0.918
11.913	-1.000	-0.926
11.948	-1.000	-0.934
11.983	-1.000	-0.940
12.018	-1.000	-0.946
12.053	-1.000	-0.948
12.088	-1.000	-0.953
12.123	-1.000	-0.957
12.158	-1.000	-0.963
12.193	-1.000	-0.967
12.228	-1.000	-0.969
12.263	-1.000	-0.970
12.298	-1.000	-0.972
12.334	-1.000	-0.977
12.370	-1.000	-0.978
12.406	-1.000	-0.981
12.442	-1.000	-0.982
12.477	-1.000	-0.983
12.512	-1.000	-0.987
12.547	-1.000	-0.987
12.583	-1.000	-0.988
12.618	-1.000	-0.991
12.653	-1.000	-0.988
12.688	-1.000	-0.991
12.723	-1.000	-0.993
12.759	-1.000	-0.992
12.794	-1.000	-0.995
12.829	-1.000	-0.992
12.864	-1.000	-0.993
12.900	-1.000	-0.996
12.935	-1.000	-0.996
12.970	-1.000	-0.993
13.005	-1.000	-0.992
13.042	-1.000	-0.993
13.078	-1.000	-0.993
13.113	-1.000	-0.996
13.148	-1.000	-0.996
13.183	-1.000	-0.998
13.218	-1.000	-0.996
13.253	-1.000	-1.000
13.288	-1.000	-0.999
13.323	-1.000	-1.001
13.358	-1.000	-0.998
13.393	-1.000	-1.000
13.428	-1.000	-0.997
13.463	-1.000	-1.001
13.498	-1.000	-1.008
13.533	-1.000	-1.036
13.569	-1.000	-1.060
13.605	-1.000	-1.075
13.640	-1.000	-1.089
13.675	-1.000	-1.099
13.710	-1.000	-1.106
13.745	-1.000	-1.110
13.780	-1.000	-1.112
13.815	-1.000	-1.107
13.850	-1.000	-1.105
13.885	-1.000	-1.100
13.920	-1.000	-1.098
13.955	-1.000	-1.090
13.992	-1.000	-1.090
14.027	-1.000	-1.080
14.062	-1.000	-1.075
14.097	-1.000	-1.075
14.132	-1.000	-1.069
14.167	-1.000	-1.060
14.202	-1.000	-1.059
14.237	-1.000	-1.054
14.272	-1.000	-1.049
14.307	-1.000	-1.045
14.342	-1.000	-1.041
14.378	-1.000	-1.036
14.413	-1.000	-1.035
14.448	-1.000	-1.032
14.484	-1.000	-1.028
14.519	-1.000	-1.026
14.554	-1.000	-1.024
14.589	-1.000	-1.023
14.624	-1.000	-1.020
14.659	-1.000	-1.017
14.694	-1.000	-1.016
14.730	-1.000	-1.013
14.766	-1.000	-1.012
14.802	-1.000	-1.011
14.837	-1.000	-1.015
14.872	-1.000	-1.010
14.907	-1.000	-1.012
14.942	-1.000	-1.008
14.977	-1.000	-1.010
15.012	-1.000	-1.007
15.047	-1.000	-1.005
15.082	-1.000	-1.005
15.117	-1.000	-1.005
15.152	-1.000	-1.008
15.187	-1.000	-1.004
15.222	-1.000	-1.005
15.257	-1.000	-1.005
15.292	-1.000	-1.007
15.327	-1.000	-1.005
15.363	-1.000	-1.005
15.398	-1.000	-1.005
15.433	-1.000	-1.002
15.468	-1.000	-1.003
15.503	-1.000	-1.003
15.538	-1.000	-0.999
15.573	-1.000	-0.999
15.608	-1.000	-0.999
15.643	-1.000	-1.000
15.678	-1.000	-1.000
15.713	-1.000	-1.001
15.750	-1.000	-1.001
15.786	-1.000	-0.998
15.822	-1.000	-1.002
15.857	-1.000	-0.998
15.892	-1.000	-1.000
15.927	-1.000	-0.999
15.962	-1.000	-1.002
15.998	-1.000	-1.002
16.033	-1.000	-1.002
16.069	-1.000	-0.999
16.105	-1.000	-1.002
16.140	-1.000	-0.998
16.175	-1.000	-0.998
16.210	-1.000	-0.998
16.245	-1.000	-1.002
16.280	-1.000	-0.997
16.315	-1.000	-0.997
16.350	-1.000	-0.997
16.385	-1.000	-0.998
16.420	-1.000	-1.001
16.455	-1.000	-0.998
16.490	-1.000	-0.999
16.525	-1.000	-0.998
16.561	-1.000	-0.999
16.596	-1.000	-0.999
16.631	-1.000	-1.000
16.666	-1.000	-1.003
16.701	-1.000	-1.003
16.736	-1.000	-1.002
16.771	-1.000	-1.001
16.807	-1.000	-1.001
16.843	-1.000	-0.998
16.878	-1.000	-1.002
16.913	-1.000	-1.002
16.948	-1.000	-0.998
16.983	-1.000	-0.999
17.018	-1.000	-1.002
17.053	-1.000	-1.002
17.088	-1.000	-0.999
17.123	-1.000	-1.001
17.158	-1.000	-1.000
17.193	-1.000	-1.000
17.228	-1.000	-1.000
17.263	-1.000	-0.999
17.298	-1.000	-1.001
17.333	-1.000	-1.002
17.369	-1.000	-1.000
17.404	-1.000	-1.001
17.439	-1.000	-1.001
17.474	-1.000	-0.999
17.509	-1.000	-1.000
17.544	-1.000	-0.998
17.579	-1.000	-1.000
17.615	-1.000	-0.999
17.650	-1.000	-0.998
17.685	-1.000	-0.998
17.720	-1.000	-1.001
17.755	-1.000	-0.999
17.790	-1.000	-1.003
17.825	-1.000	-0.999
17.860	-1.000	-1.002
17.896	-1.000	-1.001
17.931	-1.000	-1.002
17.966	-1.000	-0.999
18.002	-1.000	-1.003
18.037	-1.000	-0.999
18.072	-1.000	-1.002
18.107	-1.000	-0.999
18.142	-1.000	-0.999
18.177	-1.000	-0.999
18.212	-1.000	-0.999
18.247	-1.000	-0.999
18.283	-1.000	-1.000
18.318	-1.000	-0.998
18.354	-1.000	-1.001
18.389	-1.000	-1.000
18.424	-1.000	-0.999
18.460	-1.000	-1.002
18.495	-1.000	-1.001
18.530	-1.000	-1.000
18.565	-1.000	-0.999
18.600	-1.000	-1.000
18.635	-1.000	-0.998
18.670	-1.000	-1.000
18.706	-1.000	-0.999
18.741	-1.000	-1.001
18.776	-1.000	-1.002
18.811	-1.000	-1.001
18.846	-1.000	-1.001
18.881	-1.000	-0.999
18.916	-1.000	-1.000
18.951	-1.000	-1.002
18.986	-1.000	-0.998
19.021	-1.000	-0.998
19.056	-1.000	-0.998
19.091	-1.000	-1.001
19.126	-1.000	-0.998
19.161	-1.000	-1.002
