0.000	0.000	0.000
0.035	0.000	0.000
0.070	0.000	0.000
0.106	0.000	0.000
0.142	0.000	0.000
0.177	0.000	0.000
0.212	0.000	0.000
0.247	0.000	0.000
0.283	0.000	0.000
0.318	0.000	0.000
0.354	0.000	0.000
0.389	0.000	0.000
0.424	0.000	0.000
0.459	0.000	0.000
0.494	0.000	0.000
0.529	0.000	0.000
0.564	0.000	0.000
0.599	0.000	0.000
0.634	0.000	0.000
0.669	0.000	0.000
0.704	0.000	0.000
0.740	0.000	0.000
0.775	0.000	0.000
0.810	0.000	0.000
0.845	0.000	0.000
0.881	0.000	0.000
0.916	0.000	0.000
0.952	0.000	0.000
0.987	0.000	0.000
1.022	0.000	0.000
1.057	0.000	0.000
1.093	0.000	0.000
1.128	0.000	0.000
1.163	0.000	0.000
1.198	0.000	0.000
1.233	0.000	0.000
1.268	0.000	0.000
1.303	0.000	0.000
1.338	0.000	0.000
1.373	0.000	0.000
1.408	0.000	0.000
2.654	0.000	0.000
2.689	0.000	0.000
2.724	0.000	0.000
2.759	0.000	0.000
2.794	0.000	0.000
2.829	0.000	0.000
2.864	0.000	0.000
2.899	0.000	0.000
2.934	0.000	0.000
2.969	0.000	0.000
3.005	0.000	0.000
3.040	0.000	0.000
3.076	0.000	0.000
3.113	0.000	0.000
3.148	0.000	0.000
3.183	0.000	0.000
3.218	0.000	0.000
3.253	0.000	0.000
3.288	0.000	0.000
3.323	0.000	0.000
3.358	0.000	0.000
3.393	0.000	0.000
3.428	0.000	0.000
3.463	0.000	0.000
3.498	0.000	0.000
3.533	0.000	0.000
3.568	0.000	0.000
3.603	0.000	0.000
3.638	0.000	0.000
3.673	0.000	0.000
3.708	0.000	0.000
3.743	0.000	0.000
3.778	0.000	0.000
3.813	0.000	0.000
3.849	0.000	0.000
3.884	0.000	0.000
3.919	0.000	0.000
3.954	0.000	0.000
3.989	0.000	0.000
4.025	0.000	0.000
4.060	0.000	0.000
4.095	0.000	0.000
4.130	0.000	0.000
4.165	0.000	0.000
4.200	0.000	0.000
4.235	0.000	0.000
4.270	0.000	0.000
4.305	0.000	0.000
4.341	0.000	0.000
4.376	0.000	0.000
4.411	0.000	0.000
4.446	0.000	0.000
4.481	0.000	0.000
4.517	0.000	0.000
4.552	0.000	0.000
4.588	0.000	0.000
4.624	0.000	0.000
4.659	0.000	0.000
4.694	0.000	0.000
4.729	0.000	0.000
4.764	0.000	0.000
4.799	0.000	0.000
4.834	0.000	0.000
4.869	0.000	0.000
4.904	0.000	0.000
4.939	0.000	0.000
4.974	0.000	0.000
5.009	0.000	0.000
5.044	0.000	0.000
5.080	0.000	0.000
5.115	0.000	0.000
5.150	0.000	0.000
5.185	0.000	0.000
5.221	0.000	0.000
5.256	0.000	0.000
5.292	0.000	0.000
5.327	0.000	0.000
5.362	0.000	0.000
5.397	0.000	0.000
5.433	0.000	0.000
5.468	0.000	0.000
5.503	0.000	0.000
5.538	0.000	0.000
5.573	0.000	0.000
5.608	0.000	0.000
5.643	0.000	0.000
5.678	0.000	0.000
5.713	0.000	0.000
5.749	-1.000	0.000
5.784	-1.000	0.000
5.819	-1.000	-0.040
5.854	-1.000	-0.123
5.889	-1.000	-0.211
5.924	-1.000	-0.296
5.959	-1.000	-0.372
5.994	-1.000	-0.441
6.029	-1.000	-0.502
6.064	-1.000	-0.556
6.099	-1.000	-0.604
6.134	-1.000	-0.646
6.169	-1.000	-0.680
6.204	-1.000	-0.715
6.239	-1.000	-0.745
6.275	-1.000	-0.772
6.310	-1.000	-0.795
6.346	-1.000	-0.815
6.382	-1.000	-0.833
6.418	-1.000	-0.848
6.454	-1.000	-0.858
6.489	-1.000	-0.872
6.524	-1.000	-0.886
6.559	-1.000	-0.896
6.595	-1.000	-0.908
6.630	-1.000	-0.918
6.665	-1.000	-0.927
6.700	-1.000	-0.931
6.735	-1.000	-0.942
6.770	-1.000	-0.944
6.805	-1.000	-0.952
6.840	-1.000	-0.954
6.875	-1.000	-0.959
6.910	-1.000	-0.962
6.945	-1.000	-0.969
6.980	-1.000	-0.972
7.015	-1.000	-0.974
7.050	-1.000	-0.976
7.085	-1.000	-0.979
7.120	-1.000	-0.979
7.155	-1.000	-0.981
7.190	-1.000	-0.983
7.225	-1.000	-0.985
7.261	-1.000	-0.987
7.296	-1.000	-0.987
7.332	-1.000	-0.987
7.368	-1.000	-0.990
7.403	-1.000	-0.991
7.438	-1.000	-0.991
7.473	-1.000	-0.989
7.508	-1.000	-0.994
7.544	-1.000	-0.990
7.579	-1.000	-0.995
7.614	-1.000	-0.994
7.649	-1.000	-0.996
7.685	-1.000	-0.995
7.720	-1.000	-0.995
7.755	-1.000	-0.997
7.790	-1.000	-0.998
7.825	-1.000	-0.998
7.860	-1.000	-0.997
7.895	-1.000	-1.000
7.931	-1.000	-0.999
7.966	-1.000	-0.999
8.001	-1.000	-0.997
8.036	-1.000	-0.999
8.072	-1.000	-0.997
8.108	-1.000	-1.000
8.143	-1.000	-0.997
8.178	-1.000	-0.998
8.213	-1.000	-0.998
8.248	-1.000	-0.998
8.283	-1.000	-1.000
8.318	-1.000	-1.000
8.353	-1.000	-1.000
8.388	-1.000	-1.000
8.423	-1.000	-1.001
8.458	-1.000	-1.001
8.493	-1.000	-1.001
8.528	-1.000	-0.998
8.563	-1.000	-0.998
8.598	-1.000	-0.999
8.633	-1.000	-0.999
8.668	-1.000	-1.001
8.703	-1.000	-1.001
8.739	-1.000	-1.001
8.774	-1.000	-1.000
8.809	-1.000	-0.999
8.844	-1.000	-0.999
8.879	-1.000	-1.001
8.914	-1.000	-1.001
8.950	-1.000	-0.998
8.985	-1.000	-1.000
9.020	-1.000	-1.001
9.055	-1.000	-1.000
9.090	-1.000	-1.000
9.126	-1.000	-0.997
9.162	-1.000	-0.998
9.197	-1.000	-0.998
9.233	-1.000	-0.998
9.268	-1.000	-0.999
9.304	-1.000	-1.002
9.339	-1.000	-1.002
9.374	-1.000	-1.000
9.409	-1.000	-1.000
9.444	-1.000	-1.000
9.479	-1.000	-0.997
9.515	-1.000	-1.001
9.550	-1.000	-0.997
9.586	-1.000	-1.001
9.622	-1.000	-0.999
9.657	-1.000	-0.998
9.692	-1.000	-0.999
9.727	-1.000	-1.000
9.762	-1.000	-1.000
9.797	-1.000	-1.000
9.833	-1.000	-1.000
9.868	-1.000	-1.000
9.904	-1.000	-0.996
9.939	-1.000	-0.997
9.974	-1.000	-0.998
10.009	-1.000	-1.001
10.044	-1.000	-1.002
10.079	-1.000	-1.002
10.114	-1.000	-1.000
10.149	-1.000	-1.002
10.184	-1.000	-1.003
10.219	-1.000	-0.999
10.254	-1.000	-1.002
10.289	-1.000	-1.002
10.324	-1.000	-1.001
10.359	-1.000	-0.998
10.395	-1.000	-0.998
10.430	-1.000	-1.002
10.465	-1.000	-0.999
10.500	-1.000	-1.001
10.536	-1.000	-1.000
10.572	-1.000	-0.998
10.607	-1.000	-1.002
10.643	-1.000	-1.000
10.678	-1.000	-0.998
10.713	-1.000	-1.002
10.749	-1.000	-0.998
10.784	-1.000	-0.999
10.819	-1.000	-1.000
10.854	-1.000	-1.002
10.889	-1.000	-0.999
10.924	-1.000	-1.000
10.959	-1.000	-1.000
10.994	-1.000	-1.001
11.029	-1.000	-1.002
11.064	-1.000	-1.003
11.099	-1.000	-1.000
11.134	-1.000	-1.001
11.170	-1.000	-1.001
11.206	-1.000	-1.001
11.242	-1.000	-0.999
11.277	-1.000	-0.999
11.313	-1.000	-1.000
11.348	-1.000	-0.999
11.383	-1.000	-1.000
11.419	-1.000	-1.003
11.454	-1.000	-1.000
11.489	-1.000	-1.003
11.524	-1.000	-0.999
11.560	-1.000	-1.000
11.595	-1.000	-1.000
11.630	-1.000	-1.002
11.665	-1.000	-1.002
11.700	-1.000	-0.998
11.735	-1.000	-1.000
11.771	-1.000	-1.000
11.806	-1.000	-0.999
11.842	-1.000	-0.998
11.877	-1.000	-0.999
11.913	-1.000	-1.000
11.948	-1.000	-0.998
11.984	-1.000	-0.999
12.019	-1.000	-0.998
12.054	-1.000	-1.001
12.089	-1.000	-0.999
12.125	-1.000	-1.001
12.160	-1.000	-0.998
12.195	-1.000	-0.999
12.230	-1.000	-0.999
12.265	-1.000	-1.000
12.300	-1.000	-1.001
12.335	-1.000	-1.001
12.370	-1.000	-1.001
12.405	-1.000	-0.999
12.440	-1.000	-1.002
12.475	-1.000	-1.001
12.510	-1.000	-1.002
12.545	-1.000	-1.000
12.580	-1.000	-0.998
12.615	-1.000	-0.998
12.650	-1.000	-0.999
12.685	-1.000	-1.000
12.720	-1.000	-1.000
12.755	-1.000	-1.000
12.790	-1.000	-1.002
12.825	-1.000	-1.002
12.861	-1.000	-1.001
12.896	-1.000	-0.998
12.931	-1.000	-1.001
12.967	-1.000	-1.002
13.002	-1.000	-0.998
13.037	-1.000	-0.999
13.072	-1.000	-1.000
13.107	-1.000	-1.001
13.142	-1.000	-0.999
13.177	-1.000	-1.000
13.212	-1.000	-1.000
13.247	-1.000	-1.001
13.283	-1.000	-0.998
13.318	-1.000	-0.998
13.354	-1.000	-1.000
