0.000	0.000	0.000
0.037	0.000	0.000
0.072	0.000	0.000
0.107	0.000	0.000
0.142	0.000	0.000
0.177	0.000	0.000
0.212	0.000	0.000
0.247	0.000	0.000
0.282	0.000	0.000
0.317	0.000	0.000
0.352	0.000	0.000
0.388	0.000	0.000
0.423	0.000	0.000
0.458	0.000	0.000
0.493	0.000	0.000
0.528	0.000	0.000
0.563	0.000	0.000
0.599	0.000	0.000
0.635	0.000	0.000
0.670	0.000	0.000
0.705	0.000	0.000
0.740	0.000	0.000
0.775	0.000	0.000
0.810	0.000	0.000
0.845	0.000	0.000
0.880	0.000	0.000
0.915	0.000	0.000
0.950	0.000	0.000
0.985	0.000	0.000
1.020	0.000	0.000
1.056	0.000	0.000
1.091	0.000	0.000
1.126	0.000	0.000
1.161	0.000	0.000
1.196	0.000	0.000
1.231	0.000	0.000
1.266	0.000	0.000
1.301	0.000	0.000
1.336	0.000	0.000
1.371	0.000	0.000
1.406	0.000	0.000
1.441	0.000	0.000
1.476	0.000	0.000
1.511	0.000	0.000
1.546	0.000	0.000
1.581	0.000	0.000
1.616	0.000	0.000
1.651	0.000	0.000
1.686	0.000	0.000
1.722	0.000	0.000
1.757	0.000	0.000
1.793	0.000	0.000
1.828	0.000	0.000
1.863	0.000	0.000
1.898	0.000	0.000
1.933	0.000	0.000
1.969	0.000	0.000
2.004	0.000	0.000
2.039	0.000	0.000
2.074	0.000	0.000
2.110	0.000	0.000
2.145	0.000	0.000
2.180	0.000	0.000
2.215	0.000	0.000
2.250	0.000	0.000
2.285	0.000	0.000
2.320	0.000	0.000
2.355	0.000	0.000
2.390	0.000	0.000
2.425	0.000	0.000
2.461	0.000	0.000
2.496	0.000	0.000
2.531	0.000	0.000
2.566	0.000	0.000
2.601	0.000	0.000
2.636	0.000	0.000
2.671	0.000	0.000
2.707	0.000	0.000
2.742	0.000	0.000
2.779	0.000	0.000
2.814	0.000	0.000
2.849	0.000	0.000
2.885	0.000	0.000
2.920	0.000	0.000
2.955	0.000	0.000
2.990	0.000	0.000
3.025	0.000	0.000
3.061	0.000	0.000
3.096	0.000	0.000
3.131	0.000	0.000
3.166	0.000	0.000
3.201	0.000	0.000
3.236	0.000	0.000
3.271	0.000	0.000
3.306	0.000	0.000
3.341	0.000	0.000
3.376	0.000	0.000
3.411	0.000	0.000
3.446	0.000	0.000
3.481	0.000	0.000
3.516	0.000	0.000
3.551	0.000	0.000
3.586	0.000	0.000
3.621	0.000	0.000
3.656	0.000	0.000
3.691	0.000	0.000
3.726	0.000	0.000
3.761	0.000	0.000
3.797	0.000	0.000
3.832	0.000	0.000
3.867	0.000	0.000
3.902	0.000	0.000
3.937	0.000	0.000
3.972	0.000	0.000
4.007	0.000	0.000
4.042	0.000	0.000
4.077	0.000	0.000
4.112	0.000	0.000
4.147	0.000	0.000
4.182	0.000	0.000
4.217	0.000	0.000
4.252	0.000	0.000
4.287	0.000	0.000
4.323	0.000	0.000
4.358	0.000	0.000
4.393	0.000	0.000
4.428	0.000	0.000
4.463	0.000	0.000
4.499	0.000	0.000
4.534	0.000	0.000
4.569	0.000	0.000
4.604	0.000	0.000
4.639	0.000	0.000
4.674	0.000	0.000
4.709	0.000	0.000
4.744	0.000	0.000
4.779	0.000	0.000
4.814	0.000	0.000
4.849	0.000	0.000
4.885	0.000	0.000
4.921	0.000	0.000
4.957	0.000	0.000
4.992	0.000	0.000
5.027	0.000	0.000
5.062	0.000	0.000
5.098	0.000	0.000
5.133	0.000	0.000
5.168	0.000	0.000
5.203	0.000	0.000
5.238	0.000	0.000
5.273	0.000	0.000
5.308	0.000	0.000
5.343	0.000	0.000
5.378	0.000	0.000
5.413	0.000	0.000
5.448	0.000	0.000
5.483	0.000	0.000
5.518	0.000	0.000
5.554	0.000	0.000
5.589	0.000	0.000
5.625	0.000	0.000
5.661	0.000	0.000
5.696	0.000	0.000
5.731	0.000	0.000
5.766	0.000	0.000
5.801	0.000	0.000
5.836	0.000	0.000
5.871	1.000	0.000
5.906	1.000	0.000
5.941	1.000	0.012
5.976	1.000	0.034
6.011	1.000	0.056
6.046	1.000	0.075
6.081	1.000	0.091
6.117	1.000	0.104
6.152	1.000	0.117
6.188	1.000	0.127
6.223	1.000	0.136
6.258	1.000	0.144
6.293	1.000	0.151
6.328	1.000	0.156
6.363	1.000	0.161
6.398	1.000	0.165
6.433	1.000	0.169
6.469	1.000	0.171
6.504	1.000	0.174
6.539	1.000	0.177
6.574	1.000	0.178
6.609	1.000	0.180
6.644	1.000	0.181
6.679	1.000	0.183
6.714	1.000	0.184
6.749	1.000	0.185
6.784	1.000	0.186
6.819	1.000	0.187
6.854	1.000	0.187
6.889	1.000	0.188
6.924	1.000	0.188
6.959	1.000	0.188
6.994	1.000	0.189
7.029	1.000	0.189
7.064	1.000	0.189
7.100	1.000	0.190
7.135	1.000	0.189
7.170	1.000	0.190
7.206	1.000	0.190
7.241	1.000	0.191
7.276	1.000	0.191
7.311	1.000	0.191
7.346	1.000	0.191
7.381	1.000	0.190
7.416	1.000	0.191
7.451	1.000	0.190
7.486	1.000	0.190
7.521	1.000	0.190
7.556	1.000	0.190
7.591	1.000	0.191
7.626	1.000	0.191
7.662	1.000	0.191
7.697	1.000	0.191
7.732	1.000	0.191
7.767	1.000	0.192
7.802	1.000	0.192
7.838	1.000	0.192
7.873	1.000	0.192
7.908	1.000	0.192
7.943	1.000	0.192
7.978	1.000	0.192
8.013	1.000	0.192
8.048	1.000	0.192
8.084	1.000	0.192
8.119	1.000	0.192
8.155	1.000	0.192
8.190	1.000	0.192
8.225	1.000	0.192
8.260	1.000	0.193
8.295	1.000	0.192
8.330	1.000	0.192
8.365	1.000	0.192
8.400	1.000	0.192
8.436	1.000	0.192
8.472	1.000	0.192
8.507	1.000	0.192
8.543	1.000	0.192
8.578	1.000	0.191
8.613	1.000	0.192
8.648	1.000	0.192
8.684	1.000	0.192
8.719	1.000	0.192
8.754	1.000	0.192
8.789	1.000	0.192
8.824	1.000	0.191
8.859	1.000	0.192
8.895	1.000	0.192
8.930	1.000	0.192
8.965	1.000	0.192
9.000	1.000	0.192
9.036	1.000	0.192
9.071	1.000	0.192
9.107	1.000	0.193
9.143	1.000	0.192
9.178	1.000	0.193
9.213	1.000	0.192
9.248	1.000	0.192
9.283	1.000	0.191
9.318	1.000	0.191
9.354	1.000	0.191
9.390	1.000	0.191
9.425	1.000	0.190
9.461	1.000	0.191
9.496	1.000	0.190
9.531	1.000	0.191
9.566	1.000	0.191
9.601	1.000	0.191
9.636	1.000	0.191
9.671	1.000	0.191
9.706	1.000	0.191
9.741	1.000	0.191
9.776	1.000	0.191
9.811	1.000	0.190
9.846	1.000	0.190
9.881	1.000	0.190
9.916	1.000	0.190
9.951	1.000	0.191
9.986	1.000	0.191
10.021	1.000	0.192
10.056	1.000	0.192
10.091	1.000	0.192
10.126	1.000	0.192
10.162	1.000	0.192
10.197	1.000	0.191
10.232	1.000	0.191
10.268	1.000	0.190
10.303	1.000	0.190
10.338	1.000	0.191
10.373	1.000	0.191
10.409	1.000	0.191
10.444	1.000	0.191
10.479	1.000	0.191
10.514	1.000	0.191
10.549	1.000	0.191
10.584	1.000	0.191
10.619	1.000	0.191
10.654	1.000	0.191
10.689	1.000	0.191
10.724	1.000	0.190
10.759	1.000	0.190
10.794	1.000	0.190
10.829	1.000	0.190
10.865	1.000	0.189
10.900	1.000	0.189
10.935	1.000	0.189
10.970	1.000	0.189
11.005	1.000	0.188
11.040	1.000	0.189
11.076	1.000	0.188
11.111	1.000	0.189
11.146	1.000	0.188
11.181	1.000	0.189
11.216	1.000	0.189
11.251	1.000	0.189
11.286	1.000	0.190
