   0.0000000e+00   0.0000000e+00
   3.1554436e-30   2.2547271e-30
   2.0095091e-04   1.4353611e-04
   1.2057055e-03   8.5960867e-04
   6.2294784e-03   4.4000811e-03
   3.1348343e-02   2.1142706e-02
   3.5000000e-02   2.3448965e-02
   5.3258287e-02   3.4521628e-02
   7.0000000e-02   4.4034108e-02
   1.0500000e-01   6.2105186e-02
   1.4000000e-01   7.7969243e-02
   1.7500000e-01   9.1895823e-02
   2.1000000e-01   1.0412155e-01
   2.4500000e-01   1.1485415e-01
   2.8000000e-01   1.2427597e-01
   3.1500000e-01   1.3254711e-01
   3.5000000e-01   1.3980809e-01
   3.8500000e-01   1.4618229e-01
   4.2000000e-01   1.5177801e-01
   4.5500000e-01   1.5669032e-01
   4.9000000e-01   1.6100269e-01
   5.2500000e-01   1.6478840e-01
   5.6000000e-01   1.6811175e-01
   5.9500000e-01   1.7102922e-01
   6.3000000e-01   1.7359038e-01
   6.6500000e-01   1.7583875e-01
   7.0000000e-01   1.7781252e-01
   7.3500000e-01   1.7954524e-01
   7.7000000e-01   1.8106634e-01
   8.0500000e-01   1.8240167e-01
   8.4000000e-01   1.8357391e-01
   8.7500000e-01   1.8460299e-01
   9.1000000e-01   1.8550639e-01
   9.4500000e-01   1.8629945e-01
   9.8000000e-01   1.8699566e-01
   1.0150000e+00   1.8760684e-01
   1.0500000e+00   1.8814338e-01
   1.0850000e+00   1.8861439e-01
   1.1200000e+00   1.8902787e-01
   1.1550000e+00   1.8939086e-01
   1.1900000e+00   1.8970951e-01
   1.2250000e+00   1.8998925e-01
   1.2600000e+00   1.9023482e-01
   1.2950000e+00   1.9045040e-01
   1.3300000e+00   1.9063966e-01
   1.3650000e+00   1.9080580e-01
   1.4000000e+00   1.9095164e-01
   1.4350000e+00   1.9107968e-01
   1.4700000e+00   1.9119208e-01
   1.5050000e+00   1.9129075e-01
   1.5400000e+00   1.9137737e-01
   1.5750000e+00   1.9145341e-01
   1.6100000e+00   1.9152017e-01
   1.6450000e+00   1.9157877e-01
   1.6800000e+00   1.9163021e-01
   1.7150000e+00   1.9167538e-01
   1.7500000e+00   1.9171502e-01
   1.7850000e+00   1.9174983e-01
   1.8200000e+00   1.9178038e-01
   1.8550000e+00   1.9180720e-01
   1.8900000e+00   1.9183075e-01
   1.9250000e+00   1.9185142e-01
   1.9600000e+00   1.9186957e-01
   1.9950000e+00   1.9188550e-01
   2.0300000e+00   1.9189948e-01
   2.0650000e+00   1.9191176e-01
   2.1000000e+00   1.9192253e-01
   2.1350000e+00   1.9193199e-01
   2.1700000e+00   1.9194030e-01
   2.2050000e+00   1.9194759e-01
   2.2400000e+00   1.9195399e-01
   2.2750000e+00   1.9195961e-01
   2.3100000e+00   1.9196454e-01
   2.3450000e+00   1.9196887e-01
   2.3800000e+00   1.9197268e-01
   2.4150000e+00   1.9197601e-01
   2.4500000e+00   1.9197894e-01
   2.4850000e+00   1.9198151e-01
   2.5200000e+00   1.9198377e-01
   2.5550000e+00   1.9198575e-01
   2.5900000e+00   1.9198749e-01
   2.6250000e+00   1.9198902e-01
   2.6600000e+00   1.9199036e-01
   2.6950000e+00   1.9199154e-01
   2.7300000e+00   1.9199257e-01
   2.7650000e+00   1.9199348e-01
   2.8000000e+00   1.9199428e-01
   2.8350000e+00   1.9199497e-01
   2.8700000e+00   1.9199559e-01
   2.9050000e+00   1.9199613e-01
   2.9400000e+00   1.9199660e-01
   2.9750000e+00   1.9199702e-01
   3.0100000e+00   1.9199738e-01
   3.0450000e+00   1.9199770e-01
   3.0800000e+00   1.9199798e-01
   3.1150000e+00   1.9199823e-01
   3.1500000e+00   1.9199844e-01
   3.1850000e+00   1.9199863e-01
   3.2200000e+00   1.9199880e-01
   3.2550000e+00   1.9199895e-01
   3.2900000e+00   1.9199908e-01
   3.3250000e+00   1.9199919e-01
   3.3600000e+00   1.9199929e-01
   3.3950000e+00   1.9199937e-01
   3.4300000e+00   1.9199945e-01
   3.4650000e+00   1.9199952e-01
   3.5000000e+00   1.9199958e-01
   3.5350000e+00   1.9199963e-01
   3.5700000e+00   1.9199967e-01
   3.6050000e+00   1.9199971e-01
   3.6400000e+00   1.9199975e-01
   3.6750000e+00   1.9199978e-01
   3.7100000e+00   1.9199981e-01
   3.7450000e+00   1.9199983e-01
   3.7800000e+00   1.9199985e-01
   3.8150000e+00   1.9199987e-01
   3.8500000e+00   1.9199989e-01
   3.8850000e+00   1.9199990e-01
   3.9200000e+00   1.9199991e-01
   3.9550000e+00   1.9199992e-01
   3.9900000e+00   1.9199993e-01
   4.0250000e+00   1.9199994e-01
   4.0600000e+00   1.9199995e-01
   4.0950000e+00   1.9199995e-01
   4.1300000e+00   1.9199996e-01
   4.1650000e+00   1.9199996e-01
   4.2000000e+00   1.9199997e-01
   4.2350000e+00   1.9199997e-01
   4.2700000e+00   1.9199998e-01
   4.3050000e+00   1.9199998e-01
   4.3400000e+00   1.9199998e-01
   4.3750000e+00   1.9199998e-01
   4.4100000e+00   1.9199999e-01
   4.4450000e+00   1.9199999e-01
   4.4800000e+00   1.9199999e-01
   4.5150000e+00   1.9199999e-01
   4.5500000e+00   1.9199999e-01
   4.5850000e+00   1.9199999e-01
   4.6200000e+00   1.9199999e-01
   4.6550000e+00   1.9199999e-01
   4.6900000e+00   1.9199999e-01
   4.7250000e+00   1.9200000e-01
   4.7600000e+00   1.9200000e-01
   4.7950000e+00   1.9200000e-01
   4.8300000e+00   1.9200000e-01
   4.8650000e+00   1.9200000e-01
   4.9000000e+00   1.9200000e-01
   4.9350000e+00   1.9200000e-01
   4.9700000e+00   1.9200000e-01
   5.0000000e+00   1.9200000e-01
